wtr_wtrT7R6N01C1 -0.003558 0.000397 -0.001308 0.000000 -0.000000 0.000000 0.010979
wtr_wtrT7R6N01C0 -0.003558 0.000397 -0.001308 0.000000 0.000000 0.000000 0.010979
wtr_wtrT7R6N0C0 -0.003558 0.000397 -0.001308 -0.000000 0.000000 -0.000000 0.010979
wtr_wtrT7R6N00C1 -0.003558 0.000397 -0.001308 0.000000 0.000000 0.000000 0.010979
wtr_wtrT7R6N2C0 0.010447 0.001325 0.001325 -0.000000 0.000000 -0.000000 0.003089
wtr_wtrT7R6N21C0 -0.010205 -0.001378 -0.001171 -0.000000 0.000000 -0.000000 -0.004552
wtr_wtrT7R6N21C1 0.010447 0.001325 0.001325 0.000000 -0.000000 0.000000 0.003089
wtr_wtrT7R6N20C1 -0.010205 -0.001378 -0.001171 -0.000000 0.000000 -0.000000 -0.004552
wtr_wtrT7R6N41C1 -0.010205 -0.001378 -0.001171 -0.000000 0.000000 -0.000000 -0.004552
wtr_wtrT7R6N41C0 0.010447 0.001325 0.001325 -0.000000 0.000000 -0.000000 0.003089
wtr_wtrT7R6N4C0 -0.010205 -0.001378 -0.001171 0.000000 -0.000000 0.000000 -0.004552
wtr_wtrT7R6N40C1 0.010447 0.001325 0.001325 -0.000000 0.000000 -0.000000 0.003089
wtr_wtrT7R6N30C1 0.000376 0.000136 -0.000011 0.000943 -0.010383 0.004079 0.001340
wtr_wtrT7R6N31C0 0.000376 0.000136 -0.000011 0.000943 -0.010383 0.004079 0.001340
wtr_wtrT7R6N31C1 0.000376 0.000136 -0.000011 -0.000943 0.010383 -0.004079 0.001340
wtr_wtrT7R6N3C0 0.000376 0.000136 -0.000011 -0.000943 0.010383 -0.004079 0.001340
wtr_wtrT7R6N1C0 0.000376 0.000136 -0.000011 0.000943 -0.010383 0.004079 0.001340
wtr_wtrT7R6N11C1 0.000376 0.000136 -0.000011 0.000943 -0.010383 0.004079 0.001340
wtr_wtrT7R6N10C1 0.000376 0.000136 -0.000011 -0.000943 0.010383 -0.004079 0.001340
wtr_wtrT7R6N11C0 0.000376 0.000136 -0.000011 -0.000943 0.010383 -0.004079 0.001340
wtr_wtrT7R6N51C0 0.004615 -0.000157 0.001433 -0.000000 0.000000 -0.000000 -0.009542
wtr_wtrT7R6N50C1 0.004615 -0.000157 0.001433 -0.000000 0.000000 -0.000000 -0.009542
wtr_wtrT7R6N51C1 0.004615 -0.000157 0.001433 0.000000 -0.000000 0.000000 -0.009542
wtr_wtrT7R6N5C0 0.004615 -0.000157 0.001433 0.000000 -0.000000 0.000000 -0.009542
wtr_wtrT3R6N51C1 -0.019599 -0.001069 -0.004919 0.000000 -0.000000 -0.000000 -0.006414
wtr_wtrT3R6N5C0 -0.019599 -0.001069 -0.004919 0.000000 -0.000000 -0.000000 -0.006414
wtr_wtrT3R6N51C0 -0.019599 -0.001069 -0.004919 -0.000000 0.000000 0.000000 -0.006414
wtr_wtrT3R6N50C1 -0.019599 -0.001069 -0.004919 -0.000000 0.000000 0.000000 -0.006414
wtr_wtrT3R6N01C0 0.020294 0.000000 0.005310 0.000000 0.000000 0.000000 0.001304
wtr_wtrT3R6N0C0 0.020294 0.000000 0.005310 -0.000000 0.000000 0.000000 0.001304
wtr_wtrT3R6N01C1 0.020294 0.000000 0.005310 0.000000 -0.000000 -0.000000 0.001304
wtr_wtrT3R6N00C1 0.020294 0.000000 0.005310 0.000000 0.000000 0.000000 0.001304
wtr_wtrT3R6N40C1 0.003498 -0.004593 0.001198 -0.000000 0.000000 0.000000 -0.015836
wtr_wtrT3R6N41C1 -0.003728 0.005094 -0.001194 -0.000000 -0.000000 0.000000 0.021324
wtr_wtrT3R6N41C0 0.003498 -0.004593 0.001198 -0.000000 0.000000 0.000000 -0.015836
wtr_wtrT3R6N4C0 -0.003728 0.005094 -0.001194 0.000000 -0.000000 -0.000000 0.021324
wtr_wtrT3R6N11C0 0.000302 -0.000736 0.000175 -0.000736 0.003891 0.019946 -0.004940
wtr_wtrT3R6N1C0 0.000302 -0.000736 0.000175 0.000736 -0.003891 -0.019946 -0.004940
wtr_wtrT3R6N10C1 0.000302 -0.000736 0.000175 -0.000736 0.003891 0.019946 -0.004940
wtr_wtrT3R6N11C1 0.000302 -0.000736 0.000175 0.000736 -0.003891 -0.019946 -0.004940
wtr_wtrT3R6N3C0 0.000302 -0.000736 0.000175 -0.000736 0.003891 0.019946 -0.004940
wtr_wtrT3R6N30C1 0.000302 -0.000736 0.000175 0.000736 -0.003891 -0.019946 -0.004940
wtr_wtrT3R6N31C0 0.000302 -0.000736 0.000175 0.000736 -0.003891 -0.019946 -0.004940
wtr_wtrT3R6N31C1 0.000302 -0.000736 0.000175 -0.000736 0.003891 0.019946 -0.004940
wtr_wtrT3R6N21C0 -0.003728 0.005094 -0.001194 -0.000000 0.000000 0.000000 0.021324
wtr_wtrT3R6N21C1 0.003498 -0.004593 0.001198 0.000000 -0.000000 -0.000000 -0.015836
wtr_wtrT3R6N20C1 -0.003728 0.005094 -0.001194 -0.000000 0.000000 0.000000 0.021324
wtr_wtrT3R6N2C0 0.003498 -0.004593 0.001198 -0.000000 -0.000000 0.000000 -0.015836
wtr_wtrT7R2N11C0 0.000302 -0.000736 0.000175 -0.000736 0.003891 0.019946 -0.004940
wtr_wtrT7R2N1C0 0.000302 -0.000736 0.000175 0.000736 -0.003891 -0.019946 -0.004940
wtr_wtrT7R2N11C1 0.000302 -0.000736 0.000175 0.000736 -0.003891 -0.019946 -0.004940
wtr_wtrT7R2N10C1 0.000302 -0.000736 0.000175 -0.000736 0.003891 0.019946 -0.004940
wtr_wtrT7R2N00C1 0.020294 0.000000 0.005310 0.000000 0.000000 0.000000 0.001304
wtr_wtrT7R2N0C0 0.020294 0.000000 0.005310 -0.000000 0.000000 0.000000 0.001304
wtr_wtrT7R2N01C1 0.020294 0.000000 0.005310 0.000000 -0.000000 -0.000000 0.001304
wtr_wtrT7R2N01C0 0.020294 0.000000 0.005310 0.000000 0.000000 0.000000 0.001304
wtr_wtrT7R2N31C1 0.000302 -0.000736 0.000175 -0.000736 0.003891 0.019946 -0.004940
wtr_wtrT7R2N31C0 0.000302 -0.000736 0.000175 0.000736 -0.003891 -0.019946 -0.004940
wtr_wtrT7R2N3C0 0.000302 -0.000736 0.000175 -0.000736 0.003891 0.019946 -0.004940
wtr_wtrT7R2N30C1 0.000302 -0.000736 0.000175 0.000736 -0.003891 -0.019946 -0.004940
wtr_wtrT7R2N40C1 0.003498 -0.004593 0.001198 -0.000000 0.000000 0.000000 -0.015836
wtr_wtrT7R2N41C1 -0.003728 0.005094 -0.001194 -0.000000 -0.000000 0.000000 0.021324
wtr_wtrT7R2N4C0 -0.003728 0.005094 -0.001194 0.000000 -0.000000 -0.000000 0.021324
wtr_wtrT7R2N41C0 0.003498 -0.004593 0.001198 -0.000000 0.000000 0.000000 -0.015836
wtr_wtrT7R2N51C1 -0.019599 -0.001069 -0.004919 0.000000 -0.000000 -0.000000 -0.006414
wtr_wtrT7R2N5C0 -0.019599 -0.001069 -0.004919 0.000000 -0.000000 -0.000000 -0.006414
wtr_wtrT7R2N50C1 -0.019599 -0.001069 -0.004919 -0.000000 0.000000 0.000000 -0.006414
wtr_wtrT7R2N51C0 -0.019599 -0.001069 -0.004919 -0.000000 0.000000 0.000000 -0.006414
wtr_wtrT7R2N21C1 0.003498 -0.004593 0.001198 0.000000 -0.000000 -0.000000 -0.015836
wtr_wtrT7R2N20C1 -0.003728 0.005094 -0.001194 -0.000000 0.000000 0.000000 0.021324
wtr_wtrT7R2N2C0 0.003498 -0.004593 0.001198 -0.000000 -0.000000 0.000000 -0.015836
wtr_wtrT7R2N21C0 -0.003728 0.005094 -0.001194 -0.000000 0.000000 0.000000 0.021324
wtr_wtrT7R1N01C0 0.019205 0.000000 0.000000 0.004852 0.000000 0.001221 0.000000
wtr_wtrT7R1N01C1 0.019205 0.000000 0.000000 0.004852 0.000000 0.001221 0.000000
wtr_wtrT7R1N0C0 0.019205 0.000000 0.000000 0.004852 0.000000 0.001221 0.000000
wtr_wtrT7R1N00C1 0.019205 0.000000 0.000000 0.004852 0.000000 0.001221 0.000000
wtr_wtrT7R1N11C0 -0.003437 -0.004885 0.000000 -0.001087 -0.000000 0.021284 0.000000
wtr_wtrT7R1N11C1 0.003329 0.004560 0.000000 0.001144 -0.000000 -0.016991 0.000000
wtr_wtrT7R1N10C1 -0.003437 -0.004885 0.000000 -0.001087 -0.000000 0.021284 0.000000
wtr_wtrT7R1N1C0 0.003329 0.004560 0.000000 0.001144 0.000000 -0.016991 -0.000000
wtr_wtrT7R1N41C1 0.000246 0.000664 -0.000664 0.000151 -0.003356 -0.004617 0.018900
wtr_wtrT7R1N4C0 0.000246 0.000664 -0.000664 0.000151 -0.003356 -0.004617 0.018900
wtr_wtrT7R1N41C0 0.000246 0.000664 0.000664 0.000151 0.003356 -0.004617 -0.018900
wtr_wtrT7R1N40C1 0.000246 0.000664 0.000664 0.000151 0.003356 -0.004617 -0.018900
wtr_wtrT7R1N51C0 -0.018602 0.000911 0.000000 -0.004503 0.000000 -0.005468 0.000000
wtr_wtrT7R1N50C1 -0.018602 0.000911 0.000000 -0.004503 0.000000 -0.005468 0.000000
wtr_wtrT7R1N51C1 -0.018602 0.000911 0.000000 -0.004503 0.000000 -0.005468 0.000000
wtr_wtrT7R1N5C0 -0.018602 0.000911 0.000000 -0.004503 0.000000 -0.005468 0.000000
wtr_wtrT7R1N30C1 0.003329 0.004560 0.000000 0.001144 -0.000000 -0.016991 0.000000
wtr_wtrT7R1N31C0 0.003329 0.004560 0.000000 0.001144 -0.000000 -0.016991 0.000000
wtr_wtrT7R1N3C0 -0.003437 -0.004885 0.000000 -0.001087 0.000000 0.021284 0.000000
wtr_wtrT7R1N31C1 -0.003437 -0.004885 -0.000000 -0.001087 -0.000000 0.021284 -0.000000
wtr_wtrT7R1N20C1 0.000246 0.000664 -0.000664 0.000151 -0.003356 -0.004617 0.018900
wtr_wtrT7R1N2C0 0.000246 0.000664 0.000664 0.000151 0.003356 -0.004617 -0.018900
wtr_wtrT7R1N21C1 0.000246 0.000664 0.000664 0.000151 0.003356 -0.004617 -0.018900
wtr_wtrT7R1N21C0 0.000246 0.000664 -0.000664 0.000151 -0.003356 -0.004617 0.018900
wtr_wtrT7R7N51C1 0.000007 -0.000411 0.000162 0.000251 -0.000536 0.003973 -0.003437
wtr_wtrT7R7N51C0 0.000007 -0.000411 0.000162 0.000251 -0.000536 0.003973 -0.003437
wtr_wtrT7R7N50C1 0.000007 -0.000411 0.000162 0.000251 -0.000536 0.003973 -0.003437
wtr_wtrT7R7N5C0 0.000007 -0.000411 0.000162 0.000251 -0.000536 0.003973 -0.003437
wtr_wtrT7R7N30C1 -0.003735 -0.000205 -0.000513 -0.000220 -0.003772 -0.000077 0.000155
wtr_wtrT7R7N31C0 -0.003735 -0.000205 -0.000513 -0.000220 -0.003772 -0.000077 0.000155
wtr_wtrT7R7N31C1 0.004003 0.000259 0.000510 0.000259 0.003224 -0.000135 0.000214
wtr_wtrT7R7N3C0 0.004003 0.000259 0.000510 0.000259 0.003224 -0.000135 0.000214
wtr_wtrT7R7N2C0 0.003353 0.000149 0.000149 0.000511 -0.004090 0.000256 -0.000118
wtr_wtrT7R7N21C1 0.003353 0.000149 0.000149 0.000511 -0.004090 0.000256 -0.000118
wtr_wtrT7R7N21C0 -0.003689 -0.000213 -0.000193 -0.000513 0.003624 0.000198 -0.000081
wtr_wtrT7R7N20C1 -0.003689 -0.000213 -0.000193 -0.000513 0.003624 0.000198 -0.000081
wtr_wtrT7R7N01C1 -0.000034 0.000406 -0.000207 -0.000212 -0.000477 -0.003762 0.003631
wtr_wtrT7R7N01C0 -0.000034 0.000406 -0.000207 -0.000212 -0.000477 -0.003762 0.003631
wtr_wtrT7R7N0C0 -0.000034 0.000406 -0.000207 -0.000212 -0.000477 -0.003762 0.003631
wtr_wtrT7R7N00C1 -0.000034 0.000406 -0.000207 -0.000212 -0.000477 -0.003762 0.003631
wtr_wtrT7R7N11C0 0.004003 0.000259 0.000510 0.000259 0.003224 -0.000135 0.000214
wtr_wtrT7R7N1C0 -0.003735 -0.000205 -0.000513 -0.000220 -0.003772 -0.000077 0.000155
wtr_wtrT7R7N10C1 0.004003 0.000259 0.000510 0.000259 0.003224 -0.000135 0.000214
wtr_wtrT7R7N11C1 -0.003735 -0.000205 -0.000513 -0.000220 -0.003772 -0.000077 0.000155
wtr_wtrT7R7N41C0 0.003353 0.000149 0.000149 0.000511 -0.004090 0.000256 -0.000118
wtr_wtrT7R7N41C1 -0.003689 -0.000213 -0.000193 -0.000513 0.003624 0.000198 -0.000081
wtr_wtrT7R7N4C0 -0.003689 -0.000213 -0.000193 -0.000513 0.003624 0.000198 -0.000081
wtr_wtrT7R7N40C1 0.003353 0.000149 0.000149 0.000511 -0.004090 0.000256 -0.000118
wtr_wtrT7R5N20C1 -0.000454 -0.000141 0.000756 -0.000008 0.010004 0.001173 -0.002811
wtr_wtrT7R5N2C0 -0.000454 -0.000141 -0.000756 -0.000008 -0.010004 0.001173 0.002811
wtr_wtrT7R5N21C1 -0.000454 -0.000141 -0.000756 -0.000008 -0.010004 0.001173 0.002811
wtr_wtrT7R5N21C0 -0.000454 -0.000141 0.000756 -0.000008 0.010004 0.001173 -0.002811
wtr_wtrT7R5N1C0 -0.010071 -0.001156 -0.000000 -0.001337 -0.000000 0.002319 0.000000
wtr_wtrT7R5N11C1 -0.010071 -0.001156 0.000000 -0.001337 0.000000 0.002319 0.000000
wtr_wtrT7R5N11C0 0.009873 0.001222 0.000000 0.001222 0.000000 -0.003401 0.000000
wtr_wtrT7R5N10C1 0.009873 0.001222 0.000000 0.001222 0.000000 -0.003401 0.000000
wtr_wtrT7R5N3C0 0.009873 0.001222 0.000000 0.001222 0.000000 -0.003401 0.000000
wtr_wtrT7R5N31C1 0.009873 0.001222 0.000000 0.001222 0.000000 -0.003401 -0.000000
wtr_wtrT7R5N31C0 -0.010071 -0.001156 0.000000 -0.001337 0.000000 0.002319 0.000000
wtr_wtrT7R5N30C1 -0.010071 -0.001156 0.000000 -0.001337 0.000000 0.002319 0.000000
wtr_wtrT7R5N0C0 -0.003322 0.000438 0.000000 -0.001251 0.000000 -0.009436 0.000000
wtr_wtrT7R5N00C1 -0.003322 0.000438 0.000000 -0.001251 0.000000 -0.009436 0.000000
wtr_wtrT7R5N01C1 -0.003322 0.000438 0.000000 -0.001251 0.000000 -0.009436 0.000000
wtr_wtrT7R5N01C0 -0.003322 0.000438 0.000000 -0.001251 0.000000 -0.009436 0.000000
wtr_wtrT7R5N41C1 -0.000454 -0.000141 0.000756 -0.000008 0.010004 0.001173 -0.002811
wtr_wtrT7R5N40C1 -0.000454 -0.000141 -0.000756 -0.000008 -0.010004 0.001173 0.002811
wtr_wtrT7R5N41C0 -0.000454 -0.000141 -0.000756 -0.000008 -0.010004 0.001173 0.002811
wtr_wtrT7R5N4C0 -0.000454 -0.000141 0.000756 -0.000008 0.010004 0.001173 -0.002811
wtr_wtrT7R5N50C1 0.002299 -0.000633 0.000000 0.001119 0.000000 0.010513 0.000000
wtr_wtrT7R5N5C0 0.002299 -0.000633 0.000000 0.001119 0.000000 0.010513 0.000000
wtr_wtrT7R5N51C0 0.002299 -0.000633 0.000000 0.001119 0.000000 0.010513 0.000000
wtr_wtrT7R5N51C1 0.002299 -0.000633 0.000000 0.001119 0.000000 0.010513 0.000000
wtr_wtrT3R7N2C0 -0.000454 -0.000756 -0.000141 -0.000008 -0.000429 -0.000938 -0.006255
wtr_wtrT3R7N21C0 0.000354 0.000919 0.000133 -0.000012 0.000427 -0.000756 0.007166
wtr_wtrT3R7N20C1 0.000354 0.000919 0.000133 -0.000012 0.000427 -0.000756 0.007166
wtr_wtrT3R7N21C1 -0.000454 -0.000756 -0.000141 -0.000008 -0.000429 -0.000938 -0.006255
wtr_wtrT3R7N31C1 0.000376 -0.000943 -0.000011 0.000136 -0.000426 0.007242 -0.000937
wtr_wtrT3R7N3C0 0.000376 -0.000943 -0.000011 0.000136 -0.000426 0.007242 -0.000937
wtr_wtrT3R7N31C0 -0.000481 0.000789 -0.000011 -0.000147 0.000420 -0.006453 -0.000753
wtr_wtrT3R7N30C1 -0.000481 0.000789 -0.000011 -0.000147 0.000420 -0.006453 -0.000753
wtr_wtrT3R7N5C0 -0.006911 -0.000005 -0.000863 -0.000878 0.000090 0.000033 -0.000033
wtr_wtrT3R7N51C1 -0.006911 -0.000005 -0.000863 -0.000878 0.000090 0.000033 -0.000033
wtr_wtrT3R7N50C1 -0.006911 -0.000005 -0.000863 -0.000878 0.000090 0.000033 -0.000033
wtr_wtrT3R7N51C0 -0.006911 -0.000005 -0.000863 -0.000878 0.000090 0.000033 -0.000033
wtr_wtrT3R7N1C0 -0.000481 0.000789 -0.000011 -0.000147 0.000420 -0.006453 -0.000753
wtr_wtrT3R7N11C1 -0.000481 0.000789 -0.000011 -0.000147 0.000420 -0.006453 -0.000753
wtr_wtrT3R7N10C1 0.000376 -0.000943 -0.000011 0.000136 -0.000426 0.007242 -0.000937
wtr_wtrT3R7N11C0 0.000376 -0.000943 -0.000011 0.000136 -0.000426 0.007242 -0.000937
wtr_wtrT3R7N41C0 -0.000454 -0.000756 -0.000141 -0.000008 -0.000429 -0.000938 -0.006255
wtr_wtrT3R7N40C1 -0.000454 -0.000756 -0.000141 -0.000008 -0.000429 -0.000938 -0.006255
wtr_wtrT3R7N41C1 0.000354 0.000919 0.000133 -0.000012 0.000427 -0.000756 0.007166
wtr_wtrT3R7N4C0 0.000354 0.000919 0.000133 -0.000012 0.000427 -0.000756 0.007166
wtr_wtrT3R7N01C0 0.006739 0.000000 0.000834 0.000849 -0.000093 -0.000819 -0.000863
wtr_wtrT3R7N0C0 0.006739 0.000000 0.000834 0.000849 -0.000093 -0.000819 -0.000863
wtr_wtrT3R7N00C1 0.006739 0.000000 0.000834 0.000849 -0.000093 -0.000819 -0.000863
wtr_wtrT3R7N01C1 0.006739 0.000000 0.000834 0.000849 -0.000093 -0.000819 -0.000863
wtr_wtrT3R2N21C1 -0.010205 0.001171 -0.001378 -0.000000 0.000000 0.000000 0.002074
wtr_wtrT3R2N2C0 -0.010205 0.001171 -0.001378 0.000000 -0.000000 -0.000000 0.002074
wtr_wtrT3R2N20C1 0.010089 -0.001263 0.001263 0.000000 -0.000000 -0.000000 -0.003401
wtr_wtrT3R2N21C0 0.010089 -0.001263 0.001263 0.000000 -0.000000 -0.000000 -0.003401
wtr_wtrT3R2N31C0 -0.000481 0.000147 -0.000011 -0.000789 0.010216 0.003011 0.001213
wtr_wtrT3R2N31C1 -0.000481 0.000147 -0.000011 0.000789 -0.010216 -0.003011 0.001213
wtr_wtrT3R2N3C0 -0.000481 0.000147 -0.000011 0.000789 -0.010216 -0.003011 0.001213
wtr_wtrT3R2N30C1 -0.000481 0.000147 -0.000011 -0.000789 0.010216 0.003011 0.001213
wtr_wtrT3R2N51C0 0.002466 0.000619 0.001176 0.000000 -0.000000 -0.000000 0.010771
wtr_wtrT3R2N51C1 0.002466 0.000619 0.001176 -0.000000 0.000000 0.000000 0.010771
wtr_wtrT3R2N50C1 0.002466 0.000619 0.001176 0.000000 -0.000000 -0.000000 0.010771
wtr_wtrT3R2N5C0 0.002466 0.000619 0.001176 -0.000000 0.000000 0.000000 0.010771
wtr_wtrT3R2N0C0 -0.003558 -0.000397 -0.001308 0.000000 -0.000000 -0.000000 -0.009478
wtr_wtrT3R2N00C1 -0.003558 -0.000397 -0.001308 0.000000 0.000000 0.000000 -0.009478
wtr_wtrT3R2N01C0 -0.003558 -0.000397 -0.001308 0.000000 0.000000 0.000000 -0.009478
wtr_wtrT3R2N01C1 -0.003558 -0.000397 -0.001308 -0.000000 0.000000 0.000000 -0.009478
wtr_wtrT3R2N40C1 -0.010205 0.001171 -0.001378 0.000000 -0.000000 -0.000000 0.002074
wtr_wtrT3R2N4C0 0.010089 -0.001263 0.001263 -0.000000 0.000000 0.000000 -0.003401
wtr_wtrT3R2N41C0 -0.010205 0.001171 -0.001378 0.000000 -0.000000 -0.000000 0.002074
wtr_wtrT3R2N41C1 0.010089 -0.001263 0.001263 0.000000 -0.000000 -0.000000 -0.003401
wtr_wtrT3R2N11C1 -0.000481 0.000147 -0.000011 -0.000789 0.010216 0.003011 0.001213
wtr_wtrT3R2N1C0 -0.000481 0.000147 -0.000011 -0.000789 0.010216 0.003011 0.001213
wtr_wtrT3R2N11C0 -0.000481 0.000147 -0.000011 0.000789 -0.010216 -0.003011 0.001213
wtr_wtrT3R2N10C1 -0.000481 0.000147 -0.000011 0.000789 -0.010216 -0.003011 0.001213
wtr_wtrT7R0N31C0 708491785166342144.000000 5402611045210234880.000000 -661.629032 -5402611045210235904.000000 22.954497 -354245892728960576.000000 66.337107
wtr_wtrT7R0N3C0 708491785166342144.000000 5402611045210234880.000000 -161.766235 5402611045210235904.000000 -0.000000 354245892728960576.000000 10.606913
wtr_wtrT7R0N31C1 708491785166342144.000000 5402611045210234880.000000 1161.491829 5402611045210235904.000000 0.266360 354245892728960576.000000 -76.424667
wtr_wtrT7R0N30C1 708491785166342144.000000 5402611045210234880.000000 -661.629032 -5402611045210235904.000000 22.954497 -354245892728960576.000000 66.337107
wtr_wtrT7R0N01C0 nan nan nan nan nan nan nan
wtr_wtrT7R0N0C0 87318179588391837917385955786615945861938561863688085554568168938784949348123579828917490253601407428754156514573971737644420562733757195715612499578825110713982361243264141221011398895088837369824765848651163425046528.000000 0.000000 -44475350036202333185715269330279159764903048667575187817753594385654330735950115829286861092006460914195371096359386618258929508326819488091747246256341761882467414360474252049440297155892407721561178976086549182189466062979907689906176.000000 -2723329753139665543460000911023941887687218864603620817181443164470777651375958253510647455421417318410682737937087383678171877062266536050937478271392355129669888423330369364466270297024829519705730729145972501703032832.000000 133457153496680305359208362418527518231217525109063901411982150435598253622429807144150454316330356056022474592506055834022973573937680512666897496180716797913469569903275850652056177658855518848849805312.000000 -178567061652827060206976174041448959726884551854098385227442716695694562343035619574523338776418008374626372668577015979854609974457881579215186794595940659692930192148089967518073646003019256911454341758145018049069056.000000 2916221424449112955926924964529944181208804659441983760263113111455164844903834207878513877792743269585956169294323763727011619897860978154061268460437240464481315075586583993260917735484519658851657872780423373192147905536018274582528.000000
wtr_wtrT7R0N01C1 87318179588391837917385955786615945861938561863688085554568168938784949348123579828917490253601407428754156514573971737644420562733757195715612499578825110713982361243264141221011398895088837369824765848651163425046528.000000 0.000000 -44475350036202333185715269330279159764903048667575187817753594385654330735950115829286861092006460914195371096359386618258929508326819488091747246256341761882467414360474252049440297155892407721561178976086549182189466062979907689906176.000000 2723329753139665543460000911023941887687218864603620817181443164470777651375958253510647455421417318410682737937087383678171877062266536050937478271392355129669888423330369364466270297024829519705730729145972501703032832.000000 -133457153496680305359208362418527518231217525109063901411982150435598253622429807144150454316330356056022474592506055834022973573937680512666897496180716797913469569903275850652056177658855518848849805312.000000 178567061652827060206976174041448959726884551854098385227442716695694562343035619574523338776418008374626372668577015979854609974457881579215186794595940659692930192148089967518073646003019256911454341758145018049069056.000000 2916221424449112955926924964529944181208804659441983760263113111455164844903834207878513877792743269585956169294323763727011619897860978154061268460437240464481315075586583993260917735484519658851657872780423373192147905536018274582528.000000
wtr_wtrT7R0N00C1 nan nan nan nan nan nan nan
wtr_wtrT7R0N41C1 708491785166343296.000000 5402611045210232832.000000 -5402611045210233856.000000 330.814516 -0.000000 21.691305 354245892728960256.000000
wtr_wtrT7R0N41C0 708491785166343296.000000 5402611045210232832.000000 5402611045210233856.000000 330.814516 0.000000 21.691305 -354245892728960256.000000
wtr_wtrT7R0N40C1 708491785166343296.000000 5402611045210232832.000000 5402611045210233856.000000 330.814516 0.000000 21.691305 -354245892728960256.000000
wtr_wtrT7R0N4C0 708491785166343296.000000 5402611045210232832.000000 -5402611045210233856.000000 -992.443549 0.000000 -65.073915 354245892728960256.000000
wtr_wtrT7R0N11C1 708491785166342144.000000 5402611045210234880.000000 -823.395268 -5402611045210235904.000000 33.561410 -354245892728960576.000000 87.550933
wtr_wtrT7R0N10C1 708491785166342144.000000 5402611045210234880.000000 -0.000000 5402611045210235904.000000 10.606913 354245892728960576.000000 -10.606913
wtr_wtrT7R0N11C0 708491785166342144.000000 5402611045210234880.000000 -0.000000 5402611045210235904.000000 10.606913 354245892728960576.000000 -10.606913
wtr_wtrT7R0N1C0 708491785166342144.000000 5402611045210234880.000000 499.862797 -5402611045210235904.000000 -33.561410 -354245892728960576.000000 -66.337107
wtr_wtrT7R0N21C0 708491785166343296.000000 5402611045210232832.000000 -5402611045210233856.000000 330.814516 -0.000000 21.691305 354245892728960256.000000
wtr_wtrT7R0N21C1 708491785166343296.000000 5402611045210232832.000000 5402611045210233856.000000 -992.443549 -0.000000 -65.073915 -354245892728960256.000000
wtr_wtrT7R0N2C0 708491785166343296.000000 5402611045210232832.000000 5402611045210233856.000000 330.814516 0.000000 21.691305 -354245892728960256.000000
wtr_wtrT7R0N20C1 708491785166343296.000000 5402611045210232832.000000 -5402611045210233856.000000 330.814516 -0.000000 21.691305 354245892728960256.000000
wtr_wtrT7R0N5C0 11070184079444634.000000 84415797338223776.000000 -1.263799 -5.168977 0.000000 -0.338927 0.082867
wtr_wtrT7R0N51C1 11070184079444634.000000 84415797338223776.000000 -1.263799 -5.168977 -0.000000 -0.338927 0.082867
wtr_wtrT7R0N50C1 11070184079444634.000000 84415797338223776.000000 0.000000 5.168977 0.000000 0.338927 -0.165733
wtr_wtrT7R0N51C0 11070184079444634.000000 84415797338223776.000000 0.000000 5.168977 0.000000 0.338927 -0.165733
wtr_wtrT3R3N00C1 -0.000034 -0.000406 -0.000207 -0.000212 0.000538 0.003658 -0.003727
wtr_wtrT3R3N01C1 -0.000034 -0.000406 -0.000207 -0.000212 0.000538 0.003658 -0.003727
wtr_wtrT3R3N0C0 -0.000034 -0.000406 -0.000207 -0.000212 0.000538 0.003658 -0.003727
wtr_wtrT3R3N01C0 -0.000034 -0.000406 -0.000207 -0.000212 0.000538 0.003658 -0.003727
wtr_wtrT3R3N41C1 0.003981 -0.000251 0.000251 0.000516 -0.003325 0.000155 -0.000082
wtr_wtrT3R3N4C0 0.003981 -0.000251 0.000251 0.000516 -0.003325 0.000155 -0.000082
wtr_wtrT3R3N40C1 -0.003689 0.000193 -0.000213 -0.000513 0.003793 0.000214 -0.000161
wtr_wtrT3R3N41C0 -0.003689 0.000193 -0.000213 -0.000513 0.003793 0.000214 -0.000161
wtr_wtrT3R3N31C0 0.003413 -0.000159 0.000516 0.000159 0.004089 -0.000071 0.000196
wtr_wtrT3R3N30C1 0.003413 -0.000159 0.000516 0.000159 0.004089 -0.000071 0.000196
wtr_wtrT3R3N31C1 -0.003735 0.000220 -0.000513 -0.000205 -0.003540 -0.000101 0.000255
wtr_wtrT3R3N3C0 -0.003735 0.000220 -0.000513 -0.000205 -0.003540 -0.000101 0.000255
wtr_wtrT3R3N21C0 0.003981 -0.000251 0.000251 0.000516 -0.003325 0.000155 -0.000082
wtr_wtrT3R3N20C1 0.003981 -0.000251 0.000251 0.000516 -0.003325 0.000155 -0.000082
wtr_wtrT3R3N2C0 -0.003689 0.000193 -0.000213 -0.000513 0.003793 0.000214 -0.000161
wtr_wtrT3R3N21C1 -0.003689 0.000193 -0.000213 -0.000513 0.003793 0.000214 -0.000161
wtr_wtrT3R3N1C0 0.003413 -0.000159 0.000516 0.000159 0.004089 -0.000071 0.000196
wtr_wtrT3R3N10C1 -0.003735 0.000220 -0.000513 -0.000205 -0.003540 -0.000101 0.000255
wtr_wtrT3R3N11C1 0.003413 -0.000159 0.000516 0.000159 0.004089 -0.000071 0.000196
wtr_wtrT3R3N11C0 -0.003735 0.000220 -0.000513 -0.000205 -0.003540 -0.000101 0.000255
wtr_wtrT3R3N5C0 -0.000018 0.000415 0.000246 0.000166 0.000479 -0.003486 0.003965
wtr_wtrT3R3N50C1 -0.000018 0.000415 0.000246 0.000166 0.000479 -0.003486 0.003965
wtr_wtrT3R3N51C1 -0.000018 0.000415 0.000246 0.000166 0.000479 -0.003486 0.003965
wtr_wtrT3R3N51C0 -0.000018 0.000415 0.000246 0.000166 0.000479 -0.003486 0.003965
wtr_wtrT3R0N51C1 0.038187 -0.009535 0.000000 -0.000000 -0.000000 0.000000 0.000000
wtr_wtrT3R0N50C1 0.038187 -0.009535 0.000000 0.000000 -0.000000 -0.000000 0.000000
wtr_wtrT3R0N51C0 0.038187 -0.009535 0.000000 0.000000 -0.000000 -0.000000 0.000000
wtr_wtrT3R0N5C0 0.038187 -0.009535 0.000000 -0.000000 0.000000 0.000000 0.000000
wtr_wtrT3R0N11C1 0.003329 -0.001144 0.000000 -0.004560 -0.000000 0.037729 -0.000000
wtr_wtrT3R0N11C0 0.003329 -0.001144 0.000000 0.004560 0.000000 -0.037729 0.000000
wtr_wtrT3R0N10C1 0.003329 -0.001144 0.000000 0.004560 0.000000 -0.037729 0.000000
wtr_wtrT3R0N1C0 0.003329 -0.001144 0.000000 -0.004560 0.000000 0.037729 0.000000
wtr_wtrT3R0N30C1 0.003329 -0.001144 0.000000 -0.004560 -0.000000 0.037729 -0.000000
wtr_wtrT3R0N31C1 0.003329 -0.001144 0.000000 0.004560 -0.000000 -0.037729 0.000000
wtr_wtrT3R0N3C0 0.003329 -0.001144 0.000000 0.004560 0.000000 -0.037729 0.000000
wtr_wtrT3R0N31C0 0.003329 -0.001144 0.000000 -0.004560 -0.000000 0.037729 -0.000000
wtr_wtrT3R0N40C1 -0.003728 0.001194 0.005094 0.000000 0.000000 -0.000000 0.039806
wtr_wtrT3R0N41C1 -0.003728 0.001194 -0.005094 0.000000 -0.000000 -0.000000 -0.039806
wtr_wtrT3R0N4C0 -0.003728 0.001194 -0.005094 -0.000000 0.000000 0.000000 -0.039806
wtr_wtrT3R0N41C0 -0.003728 0.001194 0.005094 0.000000 0.000000 -0.000000 0.039806
wtr_wtrT3R0N21C1 -0.003728 0.001194 0.005094 -0.000000 -0.000000 0.000000 0.039806
wtr_wtrT3R0N21C0 -0.003728 0.001194 -0.005094 0.000000 -0.000000 -0.000000 -0.039806
wtr_wtrT3R0N20C1 -0.003728 0.001194 -0.005094 0.000000 -0.000000 -0.000000 -0.039806
wtr_wtrT3R0N2C0 -0.003728 0.001194 0.005094 0.000000 0.000000 -0.000000 0.039806
wtr_wtrT3R0N01C1 -0.037874 0.009332 0.000000 0.000000 -0.000000 0.000000 0.000000
wtr_wtrT3R0N01C0 -0.037874 0.009332 0.000000 0.000000 0.000000 0.000000 0.000000
wtr_wtrT3R0N00C1 -0.037874 0.009332 0.000000 0.000000 0.000000 0.000000 0.000000
wtr_wtrT3R0N0C0 -0.037874 0.009332 0.000000 0.000000 0.000000 0.000000 0.000000
wtr_wtrT7R4N01C1 -0.037874 -0.009332 0.000000 0.000000 -0.000000 0.000000 0.000000
wtr_wtrT7R4N01C0 -0.037874 -0.009332 0.000000 0.000000 0.000000 0.000000 0.000000
wtr_wtrT7R4N00C1 -0.037874 -0.009332 0.000000 0.000000 0.000000 0.000000 0.000000
wtr_wtrT7R4N0C0 -0.037874 -0.009332 0.000000 0.000000 0.000000 0.000000 0.000000
wtr_wtrT7R4N41C0 0.003498 0.001198 -0.004593 -0.000000 0.000000 -0.000000 0.039278
wtr_wtrT7R4N4C0 0.003498 0.001198 0.004593 0.000000 0.000000 0.000000 -0.039278
wtr_wtrT7R4N41C1 0.003498 0.001198 0.004593 -0.000000 -0.000000 -0.000000 -0.039278
wtr_wtrT7R4N40C1 0.003498 0.001198 -0.004593 -0.000000 0.000000 -0.000000 0.039278
wtr_wtrT7R4N21C0 0.003498 0.001198 0.004593 -0.000000 -0.000000 -0.000000 -0.039278
wtr_wtrT7R4N20C1 0.003498 0.001198 0.004593 -0.000000 -0.000000 -0.000000 -0.039278
wtr_wtrT7R4N2C0 0.003498 0.001198 -0.004593 -0.000000 0.000000 -0.000000 0.039278
wtr_wtrT7R4N21C1 0.003498 0.001198 -0.004593 0.000000 -0.000000 0.000000 0.039278
wtr_wtrT7R4N51C0 0.037435 0.009281 0.000000 -0.000000 -0.000000 -0.000000 0.000000
wtr_wtrT7R4N5C0 0.037435 0.009281 0.000000 0.000000 0.000000 0.000000 0.000000
wtr_wtrT7R4N51C1 0.037435 0.009281 0.000000 0.000000 -0.000000 0.000000 0.000000
wtr_wtrT7R4N50C1 0.037435 0.009281 0.000000 -0.000000 -0.000000 -0.000000 0.000000
wtr_wtrT7R4N1C0 -0.003437 -0.001087 -0.000000 0.004885 -0.000000 0.037334 0.000000
wtr_wtrT7R4N11C0 -0.003437 -0.001087 0.000000 -0.004885 0.000000 -0.037334 0.000000
wtr_wtrT7R4N10C1 -0.003437 -0.001087 0.000000 -0.004885 0.000000 -0.037334 0.000000
wtr_wtrT7R4N11C1 -0.003437 -0.001087 0.000000 0.004885 0.000000 0.037334 -0.000000
wtr_wtrT7R4N30C1 -0.003437 -0.001087 0.000000 0.004885 -0.000000 0.037334 -0.000000
wtr_wtrT7R4N31C1 -0.003437 -0.001087 -0.000000 -0.004885 0.000000 -0.037334 0.000000
wtr_wtrT7R4N31C0 -0.003437 -0.001087 0.000000 0.004885 -0.000000 0.037334 -0.000000
wtr_wtrT7R4N3C0 -0.003437 -0.001087 0.000000 -0.004885 0.000000 -0.037334 0.000000
wtr_wtrT3R1N20C1 0.000354 -0.000133 -0.000919 -0.000012 -0.010278 0.001307 -0.003867
wtr_wtrT3R1N21C1 0.000354 -0.000133 0.000919 -0.000012 0.010278 0.001307 0.003867
wtr_wtrT3R1N21C0 0.000354 -0.000133 -0.000919 -0.000012 -0.010278 0.001307 -0.003867
wtr_wtrT3R1N2C0 0.000354 -0.000133 0.000919 -0.000012 0.010278 0.001307 0.003867
wtr_wtrT3R1N0C0 -0.003322 -0.000438 0.000000 -0.001251 0.000000 0.010836 0.000000
wtr_wtrT3R1N00C1 -0.003322 -0.000438 0.000000 -0.001251 0.000000 0.010836 -0.000000
wtr_wtrT3R1N01C0 -0.003322 -0.000438 0.000000 -0.001251 0.000000 0.010836 -0.000000
wtr_wtrT3R1N01C1 -0.003322 -0.000438 0.000000 -0.001251 0.000000 0.010836 0.000000
wtr_wtrT3R1N41C0 0.000354 -0.000133 0.000919 -0.000012 0.010278 0.001307 0.003867
wtr_wtrT3R1N4C0 0.000354 -0.000133 -0.000919 -0.000012 -0.010278 0.001307 -0.003867
wtr_wtrT3R1N41C1 0.000354 -0.000133 -0.000919 -0.000012 -0.010278 0.001307 -0.003867
wtr_wtrT3R1N40C1 0.000354 -0.000133 0.000919 -0.000012 0.010278 0.001307 0.003867
wtr_wtrT3R1N31C0 0.010383 -0.001307 0.000000 0.001307 0.000000 0.003281 -0.000000
wtr_wtrT3R1N30C1 0.010383 -0.001307 0.000000 0.001307 0.000000 0.003281 -0.000000
wtr_wtrT3R1N31C1 -0.010071 0.001337 -0.000000 -0.001156 0.000000 -0.004482 0.000000
wtr_wtrT3R1N3C0 -0.010071 0.001337 0.000000 -0.001156 0.000000 -0.004482 0.000000
wtr_wtrT3R1N50C1 0.004344 0.000221 0.000000 0.001385 0.000000 -0.009638 0.000000
wtr_wtrT3R1N51C0 0.004344 0.000221 0.000000 0.001385 0.000000 -0.009638 0.000000
wtr_wtrT3R1N5C0 0.004344 0.000221 0.000000 0.001385 0.000000 -0.009638 0.000000
wtr_wtrT3R1N51C1 0.004344 0.000221 0.000000 0.001385 0.000000 -0.009638 0.000000
wtr_wtrT3R1N11C0 -0.010071 0.001337 0.000000 -0.001156 0.000000 -0.004482 0.000000
wtr_wtrT3R1N10C1 -0.010071 0.001337 0.000000 -0.001156 0.000000 -0.004482 0.000000
wtr_wtrT3R1N1C0 0.010383 -0.001307 0.000000 0.001307 0.000000 0.003281 0.000000
wtr_wtrT3R1N11C1 0.010383 -0.001307 0.000000 0.001307 0.000000 0.003281 -0.000000
wtr_wtrT7R3N51C1 -0.006911 -0.000005 -0.000863 -0.000878 0.000090 0.000033 -0.000033
wtr_wtrT7R3N5C0 -0.006911 -0.000005 -0.000863 -0.000878 0.000090 0.000033 -0.000033
wtr_wtrT7R3N51C0 -0.006911 -0.000005 -0.000863 -0.000878 0.000090 0.000033 -0.000033
wtr_wtrT7R3N50C1 -0.006911 -0.000005 -0.000863 -0.000878 0.000090 0.000033 -0.000033
wtr_wtrT7R3N21C1 -0.000454 -0.000756 -0.000141 -0.000008 -0.000429 -0.000938 -0.006255
wtr_wtrT7R3N2C0 -0.000454 -0.000756 -0.000141 -0.000008 -0.000429 -0.000938 -0.006255
wtr_wtrT7R3N20C1 0.000354 0.000919 0.000133 -0.000012 0.000427 -0.000756 0.007166
wtr_wtrT7R3N21C0 0.000354 0.000919 0.000133 -0.000012 0.000427 -0.000756 0.007166
wtr_wtrT7R3N30C1 -0.000481 0.000789 -0.000011 -0.000147 0.000420 -0.006453 -0.000753
wtr_wtrT7R3N31C1 0.000376 -0.000943 -0.000011 0.000136 -0.000426 0.007242 -0.000937
wtr_wtrT7R3N31C0 -0.000481 0.000789 -0.000011 -0.000147 0.000420 -0.006453 -0.000753
wtr_wtrT7R3N3C0 0.000376 -0.000943 -0.000011 0.000136 -0.000426 0.007242 -0.000937
wtr_wtrT7R3N41C0 -0.000454 -0.000756 -0.000141 -0.000008 -0.000429 -0.000938 -0.006255
wtr_wtrT7R3N4C0 0.000354 0.000919 0.000133 -0.000012 0.000427 -0.000756 0.007166
wtr_wtrT7R3N41C1 0.000354 0.000919 0.000133 -0.000012 0.000427 -0.000756 0.007166
wtr_wtrT7R3N40C1 -0.000454 -0.000756 -0.000141 -0.000008 -0.000429 -0.000938 -0.006255
wtr_wtrT7R3N01C1 0.006739 0.000000 0.000834 0.000849 -0.000093 -0.000819 -0.000863
wtr_wtrT7R3N00C1 0.006739 0.000000 0.000834 0.000849 -0.000093 -0.000819 -0.000863
wtr_wtrT7R3N0C0 0.006739 0.000000 0.000834 0.000849 -0.000093 -0.000819 -0.000863
wtr_wtrT7R3N01C0 0.006739 0.000000 0.000834 0.000849 -0.000093 -0.000819 -0.000863
wtr_wtrT7R3N1C0 -0.000481 0.000789 -0.000011 -0.000147 0.000420 -0.006453 -0.000753
wtr_wtrT7R3N11C0 0.000376 -0.000943 -0.000011 0.000136 -0.000426 0.007242 -0.000937
wtr_wtrT7R3N11C1 -0.000481 0.000789 -0.000011 -0.000147 0.000420 -0.006453 -0.000753
wtr_wtrT7R3N10C1 0.000376 -0.000943 -0.000011 0.000136 -0.000426 0.007242 -0.000937
wtr_wtrT3R4N51C1 11070184079444634.000000 84415797338223776.000000 -1.263799 -5.168977 -0.000000 -0.338927 0.082867
wtr_wtrT3R4N51C0 11070184079444634.000000 84415797338223776.000000 0.000000 5.168977 0.000000 0.338927 -0.165733
wtr_wtrT3R4N5C0 11070184079444634.000000 84415797338223776.000000 -1.263799 -5.168977 0.000000 -0.338927 0.082867
wtr_wtrT3R4N50C1 11070184079444634.000000 84415797338223776.000000 0.000000 5.168977 0.000000 0.338927 -0.165733
wtr_wtrT3R4N01C1 87318179588391837917385955786615945861938561863688085554568168938784949348123579828917490253601407428754156514573971737644420562733757195715612499578825110713982361243264141221011398895088837369824765848651163425046528.000000 0.000000 -44475350036202333185715269330279159764903048667575187817753594385654330735950115829286861092006460914195371096359386618258929508326819488091747246256341761882467414360474252049440297155892407721561178976086549182189466062979907689906176.000000 2723329753139665543460000911023941887687218864603620817181443164470777651375958253510647455421417318410682737937087383678171877062266536050937478271392355129669888423330369364466270297024829519705730729145972501703032832.000000 -133457153496680305359208362418527518231217525109063901411982150435598253622429807144150454316330356056022474592506055834022973573937680512666897496180716797913469569903275850652056177658855518848849805312.000000 178567061652827060206976174041448959726884551854098385227442716695694562343035619574523338776418008374626372668577015979854609974457881579215186794595940659692930192148089967518073646003019256911454341758145018049069056.000000 2916221424449112955926924964529944181208804659441983760263113111455164844903834207878513877792743269585956169294323763727011619897860978154061268460437240464481315075586583993260917735484519658851657872780423373192147905536018274582528.000000
wtr_wtrT3R4N0C0 87318179588391837917385955786615945861938561863688085554568168938784949348123579828917490253601407428754156514573971737644420562733757195715612499578825110713982361243264141221011398895088837369824765848651163425046528.000000 0.000000 -44475350036202333185715269330279159764903048667575187817753594385654330735950115829286861092006460914195371096359386618258929508326819488091747246256341761882467414360474252049440297155892407721561178976086549182189466062979907689906176.000000 -2723329753139665543460000911023941887687218864603620817181443164470777651375958253510647455421417318410682737937087383678171877062266536050937478271392355129669888423330369364466270297024829519705730729145972501703032832.000000 133457153496680305359208362418527518231217525109063901411982150435598253622429807144150454316330356056022474592506055834022973573937680512666897496180716797913469569903275850652056177658855518848849805312.000000 -178567061652827060206976174041448959726884551854098385227442716695694562343035619574523338776418008374626372668577015979854609974457881579215186794595940659692930192148089967518073646003019256911454341758145018049069056.000000 2916221424449112955926924964529944181208804659441983760263113111455164844903834207878513877792743269585956169294323763727011619897860978154061268460437240464481315075586583993260917735484519658851657872780423373192147905536018274582528.000000
wtr_wtrT3R4N00C1 nan nan nan nan nan nan nan
wtr_wtrT3R4N01C0 nan nan nan nan nan nan nan
wtr_wtrT3R4N31C0 708491785166342144.000000 5402611045210234880.000000 -661.629032 -5402611045210235904.000000 22.954497 -354245892728960576.000000 66.337107
wtr_wtrT3R4N3C0 708491785166342144.000000 5402611045210234880.000000 -161.766235 5402611045210235904.000000 -0.000000 354245892728960576.000000 10.606913
wtr_wtrT3R4N31C1 708491785166342144.000000 5402611045210234880.000000 1161.491829 5402611045210235904.000000 0.266360 354245892728960576.000000 -76.424667
wtr_wtrT3R4N30C1 708491785166342144.000000 5402611045210234880.000000 -661.629032 -5402611045210235904.000000 22.954497 -354245892728960576.000000 66.337107
wtr_wtrT3R4N11C0 708491785166342144.000000 5402611045210234880.000000 -0.000000 5402611045210235904.000000 10.606913 354245892728960576.000000 -10.606913
wtr_wtrT3R4N11C1 708491785166342144.000000 5402611045210234880.000000 -823.395268 -5402611045210235904.000000 33.561410 -354245892728960576.000000 87.550933
wtr_wtrT3R4N1C0 708491785166342144.000000 5402611045210234880.000000 499.862797 -5402611045210235904.000000 -33.561410 -354245892728960576.000000 -66.337107
wtr_wtrT3R4N10C1 708491785166342144.000000 5402611045210234880.000000 -0.000000 5402611045210235904.000000 10.606913 354245892728960576.000000 -10.606913
wtr_wtrT3R4N41C0 708491785166343296.000000 5402611045210232832.000000 5402611045210233856.000000 330.814516 0.000000 21.691305 -354245892728960256.000000
wtr_wtrT3R4N40C1 708491785166343296.000000 5402611045210232832.000000 5402611045210233856.000000 330.814516 0.000000 21.691305 -354245892728960256.000000
wtr_wtrT3R4N41C1 708491785166343296.000000 5402611045210232832.000000 -5402611045210233856.000000 330.814516 -0.000000 21.691305 354245892728960256.000000
wtr_wtrT3R4N4C0 708491785166343296.000000 5402611045210232832.000000 -5402611045210233856.000000 -992.443549 0.000000 -65.073915 354245892728960256.000000
wtr_wtrT3R4N21C1 708491785166343296.000000 5402611045210232832.000000 5402611045210233856.000000 -992.443549 -0.000000 -65.073915 -354245892728960256.000000
wtr_wtrT3R4N2C0 708491785166343296.000000 5402611045210232832.000000 5402611045210233856.000000 330.814516 0.000000 21.691305 -354245892728960256.000000
wtr_wtrT3R4N20C1 708491785166343296.000000 5402611045210232832.000000 -5402611045210233856.000000 330.814516 -0.000000 21.691305 354245892728960256.000000
wtr_wtrT3R4N21C0 708491785166343296.000000 5402611045210232832.000000 -5402611045210233856.000000 330.814516 -0.000000 21.691305 354245892728960256.000000
wtr_wtrT3R5N41C1 0.000246 0.000664 -0.000664 0.000151 -0.003356 -0.004617 0.018900
wtr_wtrT3R5N4C0 0.000246 0.000664 -0.000664 0.000151 -0.003356 -0.004617 0.018900
wtr_wtrT3R5N40C1 0.000246 0.000664 0.000664 0.000151 0.003356 -0.004617 -0.018900
wtr_wtrT3R5N41C0 0.000246 0.000664 0.000664 0.000151 0.003356 -0.004617 -0.018900
wtr_wtrT3R5N00C1 0.019205 0.000000 0.000000 0.004852 0.000000 0.001221 0.000000
wtr_wtrT3R5N01C0 0.019205 0.000000 0.000000 0.004852 0.000000 0.001221 0.000000
wtr_wtrT3R5N0C0 0.019205 0.000000 0.000000 0.004852 0.000000 0.001221 0.000000
wtr_wtrT3R5N01C1 0.019205 0.000000 0.000000 0.004852 0.000000 0.001221 0.000000
wtr_wtrT3R5N1C0 0.003329 0.004560 0.000000 0.001144 0.000000 -0.016991 -0.000000
wtr_wtrT3R5N11C0 -0.003437 -0.004885 0.000000 -0.001087 -0.000000 0.021284 0.000000
wtr_wtrT3R5N11C1 0.003329 0.004560 0.000000 0.001144 -0.000000 -0.016991 0.000000
wtr_wtrT3R5N10C1 -0.003437 -0.004885 0.000000 -0.001087 -0.000000 0.021284 0.000000
wtr_wtrT3R5N31C0 0.003329 0.004560 0.000000 0.001144 -0.000000 -0.016991 0.000000
wtr_wtrT3R5N31C1 -0.003437 -0.004885 -0.000000 -0.001087 -0.000000 0.021284 -0.000000
wtr_wtrT3R5N30C1 0.003329 0.004560 0.000000 0.001144 -0.000000 -0.016991 0.000000
wtr_wtrT3R5N3C0 -0.003437 -0.004885 0.000000 -0.001087 0.000000 0.021284 0.000000
wtr_wtrT3R5N51C0 -0.018602 0.000911 0.000000 -0.004503 0.000000 -0.005468 0.000000
wtr_wtrT3R5N50C1 -0.018602 0.000911 0.000000 -0.004503 0.000000 -0.005468 0.000000
wtr_wtrT3R5N5C0 -0.018602 0.000911 0.000000 -0.004503 0.000000 -0.005468 0.000000
wtr_wtrT3R5N51C1 -0.018602 0.000911 0.000000 -0.004503 0.000000 -0.005468 0.000000
wtr_wtrT3R5N20C1 0.000246 0.000664 -0.000664 0.000151 -0.003356 -0.004617 0.018900
wtr_wtrT3R5N21C1 0.000246 0.000664 0.000664 0.000151 0.003356 -0.004617 -0.018900
wtr_wtrT3R5N21C0 0.000246 0.000664 -0.000664 0.000151 -0.003356 -0.004617 0.018900
wtr_wtrT3R5N2C0 0.000246 0.000664 0.000664 0.000151 0.003356 -0.004617 -0.018900
