#QM    interpInQMgrid400k    MM
-2.640968 -2.638792 -1.148401
7.063803 7.075763 6.478508
-0.336892 -0.336141 -0.643339
0.185788 0.238700 0.136867
2.181436 2.240122 1.095192
0.838839 0.684372 0.489803
-0.485708 -0.466865 -0.248669
-0.861190 -0.688155 -0.447635
1.641032 1.657816 0.376088
-2.273880 -2.308579 -0.904539
-0.492016 -0.421909 -0.204307
-0.502863 -0.485290 -0.242493
4.406606 4.336096 0.772604
0.223278 0.322590 0.156589
0.539463 0.377025 0.252210
-0.235550 -0.148831 -0.045998
1.557625 1.307029 0.881905
0.189150 0.159668 0.076871
-0.379083 -0.480721 -0.172688
-0.232536 -0.245477 -0.136164
7.597434 7.213727 2.383291
-2.743773 -2.714328 -1.334425
0.431876 0.756414 0.462474
-0.351480 -0.323564 -0.102241
-0.058986 -0.096966 -0.099726
-2.449447 -2.447642 -1.335888
0.214329 0.214177 0.162788
-0.586061 -0.635925 -0.136442
-2.794052 -2.796700 -1.064391
0.646041 0.693536 0.454123
50.283464 45.746100 10.222386
0.363022 0.305624 0.167078
2.687987 2.713343 1.162456
-0.083019 0.055903 -0.004163
0.153851 0.270081 0.090857
-1.188164 -1.215592 -0.794587
0.827370 0.842129 0.344087
0.141075 0.119211 0.152533
-0.298703 -0.301673 -0.269207
0.349849 0.405450 0.142285
-0.335375 -0.241589 -0.151548
0.206563 0.127241 0.221646
0.471540 0.646068 0.330730
-1.133292 -0.883408 -0.534592
-0.586502 -0.601167 -0.313788
0.179363 0.186854 0.077790
0.043886 -0.011096 -0.040349
0.967838 0.969779 0.713259
0.504575 0.337551 0.422466
-1.012728 -0.931245 -0.169836
-1.114462 -1.166314 -0.648513
1.566116 1.778847 0.297021
0.000018 -0.128478 0.030939
0.480527 0.531491 0.369425
3.013659 2.996770 2.295127
0.136871 0.194670 0.090969
-0.094772 -0.187209 -0.006200
-0.781433 -0.837409 -0.371895
-1.923597 -1.920282 -0.762913
-0.414137 -0.406996 -0.242202
-0.678045 -0.650374 0.008364
-0.759163 -0.718084 -0.248759
-1.868566 -1.856921 -1.747611
1.109683 1.113279 0.787654
0.804046 0.804402 0.515133
0.196993 0.086826 0.194520
-0.701555 -0.372736 -0.330054
1.072096 1.157173 0.601887
-1.810369 -1.813298 -0.648557
0.088649 -0.036992 0.072229
-1.444962 -1.448755 -0.657889
-0.891754 -0.951245 -0.470949
2.173877 2.212148 1.075621
0.120418 0.111575 0.151184
2.408341 2.662662 1.124080
-1.025141 -0.973546 -0.628945
-1.806963 -1.488442 -0.634467
0.496383 0.425338 0.278081
-0.380461 -0.405634 -0.144507
-0.302996 -0.287877 -0.152269
1.012494 0.966342 0.761996
0.358948 0.339780 0.154079
1.059914 1.083380 0.648928
0.214997 0.078714 0.204578
-0.114761 -0.135507 -0.131259
0.476053 0.553216 0.312136
-1.040031 -1.050993 -0.337521
-2.081739 -1.763846 -0.920583
-0.319096 -0.261275 -0.209989
3.440356 3.453051 2.238526
0.454778 0.414067 0.697506
-0.994006 -0.934332 -0.993601
0.070269 -0.038713 -0.018052
-0.149338 -0.038881 0.029444
-3.210552 -3.222693 -1.018185
-1.753140 -1.651391 -0.409617
0.355282 0.347756 0.169788
-0.181558 -0.042450 -0.176819
-0.051872 -0.029986 0.016006
3.992083 3.984364 3.115856
0.123094 0.086271 0.339325
0.035108 0.046895 0.123688
0.567230 0.607019 0.322031
8.828302 8.578284 2.725160
-0.033676 0.034145 0.051483
-0.029392 -0.000078 0.174698
0.504694 0.791728 0.303599
-1.631301 -1.572328 -0.737563
1.470027 1.441040 1.858699
-0.581161 -0.572131 -0.259159
0.343305 0.388502 0.234374
0.437834 0.396378 0.180970
-0.253873 -0.364283 -0.139507
-0.046447 -0.061387 0.016304
0.079909 0.096887 0.090113
0.244405 0.125153 0.309620
0.066021 0.050228 0.118073
0.345786 0.606091 0.274018
0.872574 1.088820 0.334800
0.419130 0.398092 0.251957
0.292238 0.263273 0.062431
0.136709 0.281154 0.109664
-0.952587 -1.063418 -0.867786
0.163415 0.138685 0.147587
1.367720 1.399777 0.899538
0.508588 0.377252 0.276620
0.255255 0.156284 0.127381
-0.524769 -0.607463 -0.205503
7.567547 7.486962 1.272703
-1.199175 -1.212228 -1.338669
0.125434 0.172009 0.030231
-0.262811 -0.261642 -0.169264
0.570273 0.745296 0.356774
-2.848154 -2.825582 -1.501849
-0.104997 -0.058655 0.004178
0.225009 0.105802 0.075517
-1.218695 -1.388765 -0.937949
0.704628 0.584374 0.156897
13.682222 14.096308 6.035142
0.282490 0.301117 0.244901
-0.301807 -0.267331 -0.151545
-1.759617 -1.855483 -0.644062
1.163878 1.165625 0.726085
-0.203693 -0.197980 -0.147801
-0.030975 0.099384 0.112377
-0.834041 -0.881768 -0.471686
-1.729924 -1.723099 -0.950093
-0.341431 -0.318031 -0.288801
0.381565 -0.106465 0.083298
-0.088080 -0.090659 0.000265
-2.538813 -2.520114 -1.317266
-1.324293 -1.305998 -0.684665
-1.281498 -1.278957 -0.709131
1.371596 1.276508 -0.349746
-0.078054 -0.191731 0.189551
-1.477537 -1.805278 -0.729273
-0.948584 -0.832896 -0.475850
3.051748 3.076821 1.887459
-0.851389 -0.913855 -0.261646
-0.789271 -0.784173 -0.545969
1.035649 1.200589 0.698865
0.147936 0.171389 0.012872
-0.109040 -0.098258 0.015419
-0.044626 -0.032495 -0.023260
2.819072 2.782208 0.747806
2.469846 2.177511 0.329603
-0.448282 -0.439669 -0.233393
3.101628 3.081216 1.107877
-0.232097 -0.301200 -0.378520
-2.749680 -2.701932 -0.973792
1.182475 1.183900 0.820724
0.718727 0.826070 0.463044
-0.767324 -0.794756 -0.221669
7.025764 7.017237 5.601081
0.375130 0.435242 0.227430
-0.613606 -0.819579 -0.368497
0.281573 0.338184 -0.098485
2.709023 2.577274 1.105326
0.797587 1.009722 0.444150
-0.715209 -0.762521 -0.323347
2.472877 2.482667 0.931490
0.888790 1.295898 0.413412
3.626401 3.633245 2.314838
2.009761 1.997978 1.186018
-4.620651 -4.594745 -2.375664
-0.820255 -0.842405 -1.037222
-1.148709 -0.663187 -0.103853
5.998757 5.981672 2.906380
-0.379932 -0.199260 -0.041389
0.225170 0.325908 0.149057
0.658552 0.804619 0.371914
-3.575321 -3.832223 -1.728064
1.146349 1.065640 0.623046
0.253275 0.170203 0.121752
7.020212 6.923677 6.634403
-0.488925 -0.442707 -0.153787
-0.343640 -0.342598 -0.155362
-0.767353 -0.716405 -0.774964
-1.351310 -1.363755 -0.454348
-0.355697 -0.317325 -0.217787
7.976260 7.909709 6.706328
-0.201039 -0.198360 -0.019099
-1.022826 -1.240150 -0.571069
-0.629241 -0.638995 0.212690
11.723411 11.684201 8.842395
3.048238 3.044107 2.278902
-1.537126 -1.631167 -0.942275
-1.693737 -1.716201 -0.758741
-1.360721 -1.317378 -0.515127
-0.022707 -0.042072 -0.049317
0.343792 0.305656 0.232724
0.363230 0.290856 0.262343
0.065539 0.023801 -0.031464
0.134788 0.141793 0.097337
1.624568 1.601150 1.055712
-0.901466 -0.929427 -1.298618
0.352749 0.288659 0.255397
0.469500 0.420379 0.265086
-0.102329 -0.054455 -0.038070
-1.814199 -1.568340 -0.954999
-0.038026 -0.079669 0.056149
0.439713 0.323270 0.163011
-1.629624 -1.609827 -0.305213
1.177101 1.233223 0.317120
-0.764767 -0.753622 -0.386740
0.754507 0.757649 0.386720
-2.020699 -2.067427 -1.115513
-0.845913 -0.735552 -0.204673
0.473612 0.384694 0.197110
0.509608 0.600939 0.349240
-0.439032 -0.443490 -0.242272
0.250679 0.189846 -0.327847
0.388479 0.311525 0.096150
-0.325632 -0.585506 -0.511867
-0.915056 -0.855008 -0.484574
7.819859 7.463166 1.895273
1.957251 2.061972 1.141317
-0.132622 -0.073873 0.096363
-0.710746 -0.845051 1.302005
0.005828 0.220401 0.010357
0.218177 0.189510 0.170627
0.061285 0.024403 -0.339418
-1.662436 -1.675915 -1.855746
-1.836538 -1.685291 -0.306271
0.443283 0.450914 -0.953559
-0.698195 -0.509630 0.273244
0.164145 0.152592 0.173130
-0.286905 -0.262318 -0.112124
-1.671524 -1.724478 -1.024058
21.459357 21.492313 5.427099
-0.922813 -0.902641 -0.511317
-0.187362 -0.191243 -0.104398
-1.661456 -1.509543 -0.933543
0.395418 0.327984 0.280052
0.183036 0.170401 0.030979
8.135720 8.056754 10.522371
0.159914 0.042664 0.086132
-0.607480 -0.571756 -0.093271
0.405724 0.457405 0.253436
-0.157201 -0.389874 0.023928
-0.069968 -0.274845 -0.064504
4.557048 4.506650 6.242201
2.582161 2.666341 0.241734
0.151702 0.065757 0.102903
-0.229601 -0.168199 -0.077200
-0.248886 -0.205393 -0.109728
0.250628 0.178090 0.115082
-1.264761 -1.216768 -0.514026
-2.783643 -2.442794 -1.066454
1.404417 1.497045 1.192421
-2.220505 -2.508398 -1.546247
0.731420 0.748444 0.495368
-1.774160 -1.657691 -1.218300
1.844417 1.926438 0.756352
4.130385 4.092051 3.240560
-0.008245 -0.004030 0.002349
-0.754978 -0.819858 -0.584996
13.569101 13.295325 7.095039
10.627603 10.243047 6.501545
-1.945572 -1.955089 -0.823022
0.115874 -0.027992 -0.019962
1.130772 0.929773 0.703677
-0.561659 -0.549794 -0.294712
-0.698855 -0.647455 -0.295799
-0.068617 -0.279126 0.019010
0.643362 0.653682 0.176119
-2.158076 -2.033089 -0.805704
-0.333121 -0.277281 -0.223081
-1.541499 -1.542039 -0.702873
0.140073 0.017392 0.080364
-0.584286 -0.733834 0.016855
-0.448632 -0.532894 -0.165806
5.404995 5.424485 10.640857
0.645918 0.685480 0.405110
8.276582 8.378406 2.851467
0.016743 -0.112098 0.514523
-1.525086 -1.509726 -0.834768
-1.049188 -1.081823 -0.469426
-0.345933 -0.344996 0.208587
5.347462 5.327677 3.383714
-0.137955 -0.182311 -0.086455
-0.313277 -0.385445 -0.134271
0.660554 0.588250 0.367258
-0.422980 -0.424388 -0.214077
-0.020939 -0.039099 -0.054917
-0.324913 -0.376898 -0.443459
-0.065264 -0.073211 -0.042240
0.152821 0.037838 0.055475
0.125033 0.072808 0.010753
-0.463000 -0.319911 -0.240381
-0.730022 -0.811619 -0.275723
-0.650180 -0.649040 -0.325527
-0.196448 -0.169395 -0.126310
-0.629406 -0.615531 -0.039739
-1.401975 -1.260055 -0.615599
0.289813 0.376653 0.204266
12.461728 12.410634 9.820838
-0.168823 -0.137866 -0.042988
-0.133576 -0.171550 0.060604
11.174547 11.194563 10.465562
-0.897671 -0.857405 -0.569317
-0.183530 -0.242266 -0.167284
-0.249888 0.503277 0.406732
-0.995349 -1.114557 -0.229331
-0.872355 -0.869223 -0.637913
0.257228 0.243644 0.159323
-0.390955 -0.341933 -0.201165
1.660205 1.644266 0.808626
-0.824819 -0.863676 -0.609333
-0.672532 -0.607815 -0.482434
5.962918 6.024404 1.664014
2.745879 2.656005 2.709905
0.616287 0.600685 0.115892
4.353057 4.195893 1.819070
-0.328389 -0.277398 -0.107782
-0.145531 0.039779 0.067275
0.447140 0.261647 0.543649
17.124215 16.808314 7.087289
1.046261 1.009173 0.390779
-1.092671 -1.174894 -0.383522
-0.461230 -0.406243 0.277508
-0.084736 -0.133760 -0.284989
-0.502135 -0.513191 -0.382153
0.144736 0.167001 -0.221824
3.284823 3.373713 1.170156
0.441512 0.425527 0.077073
4.845410 4.068832 5.153985
0.038031 0.069443 0.147569
-1.225622 -1.304026 -0.507017
-0.762571 -0.687325 -0.337672
0.690344 0.756920 0.462687
-0.462464 -0.474306 -0.272879
-0.441324 -0.445719 -0.240739
0.168153 0.163938 0.070664
-0.176825 -0.208841 -0.067581
-0.021525 -0.046887 -0.019596
-0.247797 -0.174518 -0.086729
-1.829493 -1.828046 -0.744648
0.800118 1.029454 0.595894
0.115315 0.072676 0.074325
-0.798547 -0.904982 -0.512526
-1.496029 -1.452621 -0.764524
0.873488 0.880621 0.317256
-1.365380 -1.355097 -0.748910
-0.044442 -0.031158 0.090439
0.793363 0.832637 0.577775
0.116502 0.176233 0.058189
-0.346754 -0.314522 -0.141914
0.085798 0.146898 0.147074
0.345699 0.311260 0.133164
0.671615 0.823231 0.681076
-0.631302 -0.507058 -0.039128
0.312787 0.280490 0.121183
13.745180 10.340176 4.388912
-0.698748 -0.756944 -0.089648
0.994782 0.984483 1.156810
-0.363295 -0.529856 -0.393664
-0.672699 -0.504864 -0.304491
14.634645 14.526975 8.482543
-0.071356 -0.067328 0.042665
0.787666 0.775312 0.320635
-0.035850 -0.007597 -0.068282
-0.222828 -0.226303 -0.055940
0.477026 0.353414 0.271077
-0.064928 -0.057549 -0.001375
-1.169604 -1.153538 -0.495498
-0.047528 -0.043990 0.052115
-2.039900 -2.025844 -0.901720
-0.085548 -0.257630 -0.023036
-1.527824 -1.580336 -0.457029
0.337014 0.248790 0.174412
0.385343 0.252124 0.206160
0.988499 1.053066 0.479855
1.373203 1.592654 0.349386
0.083295 -0.094632 0.069597
0.078274 -0.003701 -0.040886
0.080021 0.115290 0.106873
0.974728 0.982992 0.512878
-1.741862 -1.597413 -1.160741
1.735489 1.769664 2.567436
0.348291 0.407098 -0.700021
-0.260650 -0.288108 -0.091581
0.058833 0.076345 0.019368
-0.035356 -0.022906 -0.353691
0.183978 0.011442 0.006037
0.125257 0.051224 0.111606
-1.590775 -1.462305 -0.606292
0.058328 -0.092187 -0.119606
0.229839 0.264459 0.098848
-1.059704 -1.209801 -0.743978
-0.188190 -0.388460 -0.201805
-0.363431 -0.395104 -0.205917
-1.513946 -1.921110 0.809415
-0.035786 -0.121887 0.252029
-1.615309 -1.699089 -0.743354
0.222717 0.141458 0.421494
-1.839323 -1.851827 -1.361900
0.786442 0.654826 0.453826
0.303795 0.318672 0.109841
-3.418101 -3.335827 -1.969585
-1.633398 -1.375216 -0.860046
0.175172 0.157911 0.168163
1.389598 1.477020 0.785684
1.134251 1.135316 0.439915
-0.092935 -0.166701 0.012966
-1.080937 -0.982685 -0.222683
2.407950 1.653581 0.972614
-1.828505 -1.708415 -0.891033
-1.861685 -1.879299 -0.502055
-0.020099 -0.023303 0.014091
3.209747 3.075735 1.474292
0.695397 0.714628 0.427803
0.204520 0.217982 -0.503890
-1.978730 -1.938053 -1.021827
4.059088 4.368384 1.140017
-0.687653 -0.785112 -0.290480
-0.327525 -0.323477 -0.157682
3.522064 3.556321 2.271637
-1.712591 -1.675191 -0.571692
1.012207 1.136416 -0.169531
2.887140 2.876051 1.872488
0.212595 0.298248 0.237584
-0.478496 -0.504345 -0.233186
0.844892 0.898360 0.345905
0.715911 0.745773 0.332403
-2.148954 -2.360801 -0.944635
6.216751 6.128972 7.021567
0.331016 0.113819 0.184660
-0.580890 -0.498754 -0.320337
-2.158235 -2.120807 -1.571212
-0.592480 -0.633565 -0.351395
-0.433409 -0.483591 0.042611
0.371791 0.454728 0.304969
-0.042319 -0.005856 0.076720
-0.654282 -0.807863 -1.212291
1.520867 1.511343 0.623378
5.257540 5.268244 4.840087
-1.756790 -1.697186 -0.798659
-0.475279 -0.453913 -0.002294
0.566018 0.428547 0.338218
0.392327 0.231549 0.224127
0.130023 0.091549 0.225207
-0.866062 -0.809242 -0.192081
-0.639408 -0.624661 -0.331663
0.279238 0.319742 0.240824
0.297278 0.308206 0.152086
-0.212780 -0.172263 -0.118716
-0.451130 -0.442906 -0.246423
2.158982 2.162433 1.636448
-0.654539 -0.593613 -0.250039
0.924736 0.944625 0.643301
4.417936 4.293122 0.630822
0.053412 0.073318 0.016917
1.280242 1.283969 3.125545
7.872443 7.832089 4.311772
-0.525993 -0.599538 -0.332536
-0.078221 -0.096222 0.142927
1.140145 1.089522 0.826159
-0.611340 -0.576446 -0.271949
0.545987 0.626927 0.328997
-0.535620 -0.574850 -0.297058
-0.668670 -0.545104 -0.201335
-2.678996 -2.643570 -1.120920
-0.456341 -0.445001 -0.111644
2.546473 2.518248 1.243182
-1.260341 -1.303632 -0.731859
0.385311 0.391687 0.339531
-2.187681 -2.236726 -1.364764
-0.274386 -0.264082 -0.074021
0.662230 0.729576 0.418246
1.023677 0.990034 0.027870
13.288468 13.468057 6.417104
-1.036952 -1.068487 -0.490767
-1.446294 -1.510800 -0.798844
-1.507557 -1.449675 -0.481310
-0.710554 -0.891479 -1.229936
0.887263 0.822505 0.538751
-1.130308 -1.039391 -0.528039
-0.286986 -0.274652 -0.103853
1.513100 1.486749 0.598017
-0.443625 -0.417828 -0.236014
0.749726 0.812662 0.315611
-0.500342 -0.465276 -0.256723
-1.235034 -1.206228 -0.488670
-0.414353 -0.471492 -0.293671
-0.568194 -0.462962 -0.308683
-1.583203 -1.508356 -1.399311
0.533445 0.473683 0.618607
-0.172430 -0.143482 -0.099633
-0.550496 -0.561231 -0.228454
-1.368628 -1.287127 -0.566551
0.743596 0.852700 0.299958
-2.356717 -2.326574 -1.234958
-0.882922 -0.900022 -0.421863
3.012271 2.946081 1.276193
0.528498 0.623404 0.366907
0.050380 0.123080 -0.140955
-0.200913 -0.143671 -0.155956
0.391410 0.393151 -0.052987
7.018038 7.293555 2.913183
0.723258 0.881899 0.452161
3.408856 3.397371 3.758074
-0.364397 -0.323721 -0.171083
-0.561686 -0.373354 -0.103039
-1.824705 -1.786188 -1.092342
2.223096 2.034111 1.163407
-0.742908 -0.820768 -0.415156
1.068634 0.861923 0.638498
-0.638460 -0.697785 -0.350920
4.402767 4.328262 0.289767
-2.178906 -2.373725 -0.341127
-2.243529 -2.278166 -0.866499
-1.320164 -1.362183 -0.700979
6.191499 6.265035 5.699876
-2.387470 -2.468913 -1.821396
-1.072200 -1.040064 -0.288256
7.988760 7.979607 5.503210
0.903705 0.869488 0.638529
0.376194 0.455224 0.495037
-1.828064 -1.781663 -0.786998
6.221196 6.254168 7.287183
-0.982941 -0.845068 -0.421157
1.418432 1.380129 0.582177
0.723481 0.532454 0.209524
-0.639415 -0.615870 -0.337577
-0.324783 -0.308694 -0.127541
-0.627557 -0.702701 -0.329528
-0.212466 -0.188271 -0.196553
1.457969 1.428061 0.522756
-2.250064 -2.231243 -1.321960
-0.162099 -0.239223 -0.099386
2.845231 2.282359 1.017538
0.115640 0.067660 0.111188
-0.583249 -0.546084 -0.035354
3.590581 3.739595 1.186799
-1.607271 -1.479180 -0.665614
0.719692 1.066024 0.591578
0.420298 0.481296 0.272151
-0.219289 -0.190849 -0.198580
0.003828 -0.063964 0.013178
-0.983542 -0.997791 -0.437241
-1.213474 -1.139763 -0.687399
-0.342810 -0.360486 -0.139265
-0.155187 -0.156437 -0.183881
-2.552667 -2.566002 -1.383731
-0.150966 -0.138470 -0.086394
-1.570336 -1.590619 -0.712119
5.034432 5.073126 3.717889
0.454309 0.293582 0.164911
1.847258 1.592743 0.660520
-0.253412 -0.218697 -0.057888
0.257600 0.230383 0.063211
0.335497 0.301119 0.151958
0.534476 0.458399 0.307542
-0.131433 -0.119402 -0.079787
12.098492 12.219383 4.972727
0.595958 0.611065 0.354003
0.531396 0.528680 0.355891
0.075105 -0.029738 0.022408
0.802431 0.749510 0.468362
0.781352 0.547570 -0.358872
-0.458883 -0.520674 -0.199825
0.365324 0.344802 0.525347
-1.924518 -1.854307 -0.824311
-1.017901 -0.985897 -0.443176
-1.872299 -2.039525 -1.046453
0.215762 0.074897 0.240261
12.118107 11.874661 2.666640
0.054973 0.058632 -0.026953
5.539210 5.525749 1.630527
-0.495473 -0.497760 -0.266493
56.664750 56.306978 15.056046
-0.222502 -0.166215 -0.132244
0.053193 0.121276 0.458151
0.227565 0.240380 0.211694
-0.001210 -0.086804 -0.525108
-2.291695 -2.720543 -1.337209
-0.557733 -0.533241 0.343996
-0.647837 -0.524895 -0.209131
2.601944 2.739444 0.117458
-0.189066 -0.243427 -0.102737
-1.532731 -1.512066 -0.308743
-0.277350 -0.127242 -0.145686
1.065385 1.093374 0.248614
-0.661207 -0.689004 -0.176465
2.646888 2.697771 0.431689
-0.017850 -0.046529 -0.086383
0.619852 0.701242 0.322211
2.676754 2.675807 1.448106
-0.517038 -0.454696 -0.480997
0.190331 0.165788 0.060559
-0.186441 -0.151927 -0.068795
-1.823071 -1.371362 -0.809757
0.431345 0.356103 0.144724
-0.560679 -0.481742 -0.271967
-0.490182 -0.892209 -0.266313
1.462366 1.510182 0.577484
-0.678277 -0.855170 -0.352167
-0.795710 -0.923703 -0.303048
0.328015 0.216599 0.178229
3.755097 3.827349 2.151747
0.261063 0.223048 0.122889
-0.340624 -0.366363 -0.130208
-2.095817 -2.262649 -1.034954
0.329583 0.258608 0.236739
-0.157901 -0.100449 -0.040223
-0.424638 -0.445914 0.349730
0.180887 0.083561 0.330394
0.770543 0.496871 0.461426
0.141504 0.234945 0.124357
-1.968586 -2.007933 -1.103136
0.004424 -0.022185 -0.030261
1.035493 1.027875 0.768713
-0.331472 -0.623190 -0.075589
0.073537 0.008006 0.070898
14.683461 14.687854 12.443413
1.075841 1.059031 0.454692
-1.356163 -1.386581 -0.400154
-0.369770 -0.339205 -0.232143
3.420309 2.939473 1.519501
0.027634 -0.118371 0.221890
0.153513 0.162547 0.064674
-0.126247 -0.142404 -0.061904
1.040773 1.220224 0.655846
-0.634567 -0.539360 -0.135500
-0.145182 -0.107834 -0.062119
-1.073685 -1.066926 -0.916577
-1.740275 -1.726569 -1.067034
-1.252131 -0.698569 -0.401093
0.517634 0.622058 0.343534
-1.201463 -1.114379 -0.602702
0.889353 0.960446 0.524479
0.297399 0.271277 0.180338
0.196728 0.177340 0.172808
-0.693739 -0.669541 0.046650
0.241435 0.265340 0.267828
0.131901 0.197350 0.069323
0.637393 0.436573 0.517532
-1.556900 -1.408838 -0.836857
0.152658 0.145946 0.080752
-0.985621 -0.994947 0.030319
0.413050 0.495454 0.289826
-1.305002 -1.300842 -0.355055
3.793296 3.763744 0.993199
-0.010265 0.032720 -0.037365
-0.524637 -0.551878 -0.361525
0.023070 0.014257 0.065365
0.450275 0.307477 0.291225
-0.148428 -0.246704 -0.150939
0.092047 0.038865 0.003602
-1.811743 -1.342920 -1.777255
-0.691942 -0.739122 -0.475664
-1.483230 -1.566288 -0.883621
-0.656637 -0.605850 -0.298784
-0.026677 -0.028521 -0.034348
0.146624 0.045067 0.200201
-0.307185 -0.204252 -0.035848
-1.035096 -1.048204 -0.623544
0.163558 0.132472 0.032049
-0.037965 0.000863 0.009222
-0.188530 -0.127546 -0.040611
-0.142702 -0.161756 -0.067806
-1.220613 -0.986200 -1.011136
1.471851 1.439527 2.060605
0.103500 0.143809 0.104689
1.760338 1.786057 0.953149
0.466378 0.454635 0.311259
0.360681 0.369028 0.163770
-0.479155 -0.449225 -0.139145
0.257372 0.244239 0.417449
0.281984 0.224957 0.131264
-2.293793 -2.290568 -1.470464
0.013593 0.033552 -0.103122
3.328810 3.114732 0.065525
-0.712247 -0.666245 -0.368643
-0.440297 -0.546198 -1.279764
-0.629380 -0.539564 -0.207673
0.198641 0.308974 0.209511
8.840282 8.957417 2.127559
-0.026728 0.018946 0.042777
-0.083583 -0.150220 0.026892
-1.600634 -1.295117 -0.906482
-0.147036 -0.156808 -0.071998
-1.801072 -1.736863 -1.269716
-0.599955 -0.581620 -0.226602
3.865133 3.642278 1.579321
1.128638 1.108330 0.438627
0.170580 -0.058722 0.007736
-0.999186 -0.145220 -0.157256
0.368805 0.184400 0.235581
0.721111 0.758582 0.497918
-0.533298 -0.562549 -0.331719
-0.677995 -0.582206 -0.366353
0.077164 0.062449 0.093355
-2.168848 -2.116935 -1.002280
-0.481207 -0.528097 -0.303352
-0.605656 -0.495275 -0.094943
0.215630 0.220124 -0.412247
-2.755124 -2.680112 -1.154263
-0.067732 -0.029652 -0.802189
-1.102807 -1.216044 -0.522905
-0.770578 -0.712091 -0.286336
-0.749454 -0.551728 -0.420955
3.990051 4.629221 1.769867
0.429892 0.371004 0.233309
4.950804 4.629939 1.907754
5.228478 5.220736 1.973018
-0.981680 -0.985390 -0.549737
-1.586980 -1.580732 -1.531132
0.870278 0.913319 0.096746
-0.418648 -0.471160 -0.670678
-2.494916 -2.495043 -1.852025
0.168925 0.151636 0.166821
-1.423486 -1.449622 -1.192867
-0.929905 -0.754139 -0.284285
0.416795 0.413001 0.425809
-0.520928 -0.674849 -0.121873
1.110888 1.168812 0.550579
1.518273 1.509868 0.621868
0.364717 0.451039 0.395090
-0.202886 -0.188161 -0.052318
-0.164460 -0.211948 -0.071867
1.875236 1.784776 0.920752
1.152228 1.131784 0.615709
2.274215 2.585531 1.075476
0.934037 0.550507 0.529326
-1.296993 -1.256039 -0.806332
-0.421709 -0.278737 -0.138179
-0.455479 -0.484498 -0.247396
0.853733 0.815185 0.609863
-0.781521 -0.647215 -0.428728
0.362210 0.304098 0.043485
0.543006 0.550529 0.533919
0.673288 0.692819 0.777838
-0.047137 0.079755 -0.063185
0.825487 0.636024 0.398669
0.793011 0.888185 0.468035
-0.471630 -0.465735 -0.481576
13.532531 13.507441 5.264128
0.101791 0.036504 0.032970
-0.936319 -1.229659 -0.556763
-1.445101 -1.517800 -0.384630
-2.262279 -2.365972 -0.596470
-0.217329 -0.180534 -0.171304
2.982553 2.508422 1.273101
0.706366 0.705456 0.395016
0.034159 0.098944 0.026365
2.084410 1.950733 0.484159
-3.683228 -3.655674 -2.188441
-0.861741 -0.977238 -0.489098
1.208913 1.137859 -0.005637
-1.014767 -0.926416 -0.757079
0.054490 0.074194 0.046010
-0.359894 -0.279787 -0.125139
-2.115543 -1.990578 -0.851364
10.592398 10.285447 3.849264
0.182340 0.193212 0.043572
-1.982324 -1.982043 -0.756463
-1.810189 -1.689614 -0.757986
-0.697665 -0.551074 -0.409197
-0.321625 -0.415556 -0.188403
0.120524 0.195974 0.082558
0.979839 0.925634 0.462995
2.497454 2.476049 2.896585
-0.350931 -0.362161 -0.164851
0.802687 0.779405 0.272228
0.130675 0.134743 -0.043078
-1.519266 -1.710953 -0.714087
-0.333315 -0.285000 -0.138099
-2.276430 -2.294377 -1.073154
2.354991 2.143268 0.824374
-0.429487 -0.455205 -0.071955
-0.471362 -0.257194 -0.156586
1.091085 1.102334 0.892066
-0.869949 -0.824175 -0.340298
-0.713379 -0.834863 -0.386806
0.233109 0.214919 0.072309
0.316775 0.293201 0.166313
0.308781 0.302687 0.114281
2.463491 2.461338 1.208517
1.800391 1.839873 1.049953
0.459254 0.505926 0.368001
-0.139875 -0.239970 0.061611
-2.742508 -2.743915 -0.912874
-1.356450 -1.110662 -0.719414
0.092330 0.197672 0.035997
-0.354959 -0.355363 -0.180773
-0.960872 -0.963473 -0.586065
0.225376 0.237997 0.112758
0.529010 0.520103 0.325256
0.821969 0.802558 0.228966
-2.594306 -2.574077 -1.507548
12.497244 12.241749 3.530193
0.411605 0.372598 0.188671
0.397996 0.570875 0.302761
-0.460256 -0.429101 -0.073188
4.725661 4.685229 4.649620
1.138749 1.217707 0.415222
0.517398 0.747080 0.259064
0.139519 0.109483 0.130353
-1.146368 -0.846631 -0.493601
0.156618 0.116594 0.069276
-0.923652 -0.896558 -0.421632
4.590856 4.337983 1.163135
-0.331691 -0.405963 -0.159034
5.696251 5.732113 2.578110
1.946420 1.785804 -0.148159
7.541686 7.459675 8.588122
-0.108298 -0.151557 0.133466
-1.626475 -1.733234 -0.948430
6.143538 5.988280 1.150499
1.282044 1.253748 0.518537
0.269730 0.311701 0.238371
5.172563 5.125146 3.329969
7.406468 7.392526 4.392409
-0.485419 -0.440817 -0.213321
-0.882604 -0.825461 -0.362095
-0.518032 -0.655567 -0.685722
0.020045 -0.021435 0.027401
-0.826643 -1.021632 -0.372229
-0.869653 -0.911397 -0.284728
-0.180020 -0.129105 -0.044627
-0.892407 -0.659896 0.067070
-0.247456 -0.229482 -0.090824
-0.135845 -0.146075 0.009992
-0.395048 -0.387255 -0.216709
0.405416 0.406516 0.344084
0.463495 0.363335 0.378177
-0.210438 -0.144031 -0.134757
-0.552487 -0.385244 -0.002564
0.975928 1.016008 0.714183
-0.094449 -0.114937 -0.000653
-1.442529 -1.523267 -0.583604
4.716995 4.669379 3.141860
0.896267 0.905154 0.258609
-1.047840 -1.048459 -0.523916
0.628583 0.355192 0.330545
-0.339007 -0.554555 -0.162528
0.745980 0.655451 0.249063
0.048313 -0.052127 -0.077794
0.894039 0.894938 0.040131
0.070806 0.127459 0.386380
-0.518491 -0.464201 -0.186985
0.930830 0.772620 0.518615
-0.912391 -0.973139 -0.471750
12.194139 11.616516 7.058134
-2.654948 -2.722850 -0.869054
-0.807351 -0.733398 -0.448432
0.469118 0.584013 0.290615
0.272515 0.288758 0.222791
0.153755 0.166725 0.134738
-0.006934 -0.289395 0.016162
-0.454827 -0.656831 -0.271315
0.016131 -0.028262 -0.023210
-0.890562 -1.052373 -0.678197
-1.154295 -0.974055 -0.656153
1.811742 2.178238 0.953050
-0.456238 -0.387857 -0.034263
1.126448 1.086856 0.618012
-1.231622 -1.099015 -0.672855
-0.512691 -0.565011 -0.227851
-0.631313 -0.709425 -0.378713
0.691069 0.747820 0.437100
0.094181 0.080498 -0.000760
-2.129975 -2.100546 -0.955283
0.149231 0.139623 0.061598
-1.575966 -1.663892 -0.960860
1.361250 1.657357 1.056963
-0.101802 -0.041925 -0.178046
-0.306311 -0.259412 -0.024175
-0.863405 -0.736830 -0.081952
7.092668 7.114190 5.256551
-0.694216 -0.808009 -0.327908
0.429612 0.463551 0.211847
-0.852836 -0.897211 -0.197502
-0.440546 -0.439772 -0.214944
-0.615342 -0.735517 -0.978841
-0.556459 -0.541542 -0.265750
-3.710736 -3.682614 -1.995133
0.075954 -0.071248 0.306499
1.165088 1.163783 0.121603
-0.535063 -0.598347 -0.274105
-0.820866 -0.662769 -0.419128
-0.054479 0.026976 0.050384
-0.323102 -0.323098 -0.145685
-0.490324 -0.462614 -0.272917
-2.315875 -2.326378 -1.178969
-1.181293 -1.216466 -0.558077
0.910519 1.000212 0.550681
-0.747386 -0.857033 -0.343028
0.158585 0.096085 0.031597
0.330175 0.250156 0.180716
0.019452 -0.010129 0.018832
-4.310816 -4.326400 -1.942607
0.901098 0.906030 1.765331
0.842179 0.813519 0.499397
2.409001 2.682541 0.532402
-0.035791 -0.061213 0.042662
-1.837155 -1.818384 -1.009919
-0.354343 -0.373882 -0.179960
-1.145891 -0.685153 -0.597324
1.078876 0.968064 0.577863
-0.579811 -0.615615 -0.251989
1.353523 1.302323 0.681910
-0.278283 -0.279557 -0.222310
-0.651711 -0.445246 -0.288663
-0.714529 -0.673014 -0.206490
2.926696 2.918613 0.730719
0.321603 0.239556 0.210306
-0.638049 -0.511962 -0.334247
0.490092 0.657926 0.313306
0.416215 0.384750 0.337789
0.597074 0.707813 0.416858
-0.368745 -0.509104 -0.729640
0.022408 0.080634 0.084727
-0.250993 -0.282977 0.104381
0.079267 0.103835 0.085171
-1.536388 -1.535005 -0.703603
4.542506 4.551292 3.610525
3.010563 3.027395 2.008211
0.715329 0.643755 0.392490
0.304774 0.131225 0.048546
0.024136 -0.237949 -0.086015
0.583620 0.667327 0.353335
-0.092905 0.047776 0.100806
-0.377707 -0.576556 -0.274719
0.495747 0.472470 0.432835
2.280972 2.309188 1.274197
-0.875173 -0.874719 -0.468205
-0.673761 -0.618982 -0.166450
-0.198231 -0.272647 -0.152099
0.214887 0.194403 0.092147
0.856494 0.975102 -0.767882
0.414650 0.390940 0.274665
0.365822 0.449780 0.271370
2.497708 2.454653 1.239300
2.439103 2.489392 0.595630
-0.224570 -0.132090 -0.173098
0.251384 0.256876 0.228116
-0.169536 -0.162367 -0.127454
0.190995 0.155506 0.119425
-0.377065 -0.502678 -0.207234
0.114826 0.106223 0.195258
0.264384 0.257048 0.230556
0.023066 0.032434 0.090546
-3.494815 -3.522671 -1.819974
-0.021658 -0.048343 -0.042461
-0.668613 -0.781558 -0.330338
-1.655634 -1.552038 -0.696123
-0.588450 -0.527911 -0.283533
0.941421 0.935971 0.459712
0.127571 -0.028253 0.108173
-1.205367 -1.130405 -0.263589
0.190220 0.122962 0.164030
-1.534065 -1.462234 -0.768198
-0.311174 -0.257398 -0.159549
0.103597 0.118458 0.054977
2.708835 2.655596 0.165398
0.501926 0.374528 0.244590
-1.524896 -1.461753 -1.089610
0.096685 0.053643 0.128241
-1.118206 -1.156334 -0.105831
5.509566 5.429695 2.472520
-0.241462 -0.323583 -0.266810
-0.919145 -0.853958 -0.346209
-0.065088 -0.148322 -0.029803
0.645435 0.654983 0.554585
0.483330 0.356613 0.213560
0.424489 0.441349 0.271246
0.318562 0.307077 0.175325
0.152825 -0.012569 -0.015815
0.401554 0.602572 0.370998
0.333799 0.435842 0.138448
-0.613083 -0.580481 -0.227385
-0.088439 -0.075758 -0.072946
6.866778 6.856345 3.592855
1.058781 1.000099 0.262547
-0.336994 -0.342265 -0.123383
0.351497 0.396500 0.219137
-0.106343 0.072626 0.392836
-2.429757 -2.175831 -1.544391
0.233533 0.267040 0.086812
3.790334 3.796703 0.764525
0.551008 0.557815 0.289813
-1.773182 -1.773168 -0.966039
-0.290634 -0.272085 -0.151982
-0.077720 -0.076399 -0.089573
-0.540930 -0.559016 -0.304650
0.282895 0.214918 0.111399
-1.651979 -1.691118 -0.756510
-1.406190 -1.429772 -0.153890
2.491178 2.805920 1.371448
-0.625620 -0.536984 -0.347808
-1.443287 -1.192841 -0.614376
5.970569 6.218244 2.018210
0.191536 0.072515 0.184939
0.098579 0.118340 0.204025
6.717374 6.539763 6.817831
0.214537 0.160165 0.032170
-0.565167 -0.593545 -0.426322
-0.084655 -0.052587 0.508485
-2.001418 -1.988776 -0.878879
-2.057607 -2.091630 -1.672046
-0.541883 -0.444096 -0.237341
-0.003488 0.036860 0.049600
-0.217080 -0.319662 0.135429
6.677633 5.797430 3.151558
0.225954 0.228540 0.145377
-1.475500 -1.456248 -0.665505
-0.081827 -0.081784 0.030071
0.796936 0.574234 0.086633
-3.859459 -3.775074 -2.065706
-1.336246 -1.601599 -0.688903
1.144845 1.133632 0.619460
-0.383904 -0.495046 -0.267497
0.220885 0.194437 0.134344
-0.253455 -0.287627 -0.185948
-0.653438 -0.718965 -0.375544
-0.457254 -0.435570 -0.245525
-1.230714 -1.258162 -0.530062
-0.301623 -0.144665 -0.122806
0.597612 0.447760 0.315271
-0.128722 -0.131815 -0.114336
0.311068 0.327067 0.285824
0.250706 0.287357 0.135836
-0.145254 -0.132006 -0.074796
-0.041981 -0.054608 0.038430
-0.766012 -1.155899 -0.595330
0.179791 0.281809 0.269681
0.304820 0.399153 0.234510
-0.667637 -0.593402 -0.142015
-0.954830 -0.856254 -0.458814
-0.111336 0.001537 -0.037041
-0.358753 -0.356304 -0.165497
0.459487 0.517062 0.336201
0.685449 0.821877 0.370204
-0.308717 -0.270277 -0.137807
0.329277 0.233255 0.181068
2.071998 1.895918 0.909306
-0.277406 -0.221152 -0.110178
-0.385387 -0.413923 -0.218048
-0.293492 -0.428828 -0.085385
-1.300501 -1.301820 -0.277965
-0.716350 -0.533890 -0.326272
-2.758682 -2.705328 -1.205662
-0.310504 -0.154993 0.047300
-0.751697 -0.697642 -0.341883
-0.880995 -0.868274 -0.504607
-0.153649 -0.094617 -0.097602
2.969128 3.582315 0.768997
-0.195333 -0.191399 -0.135770
-0.432332 -0.419537 -0.223911
-0.396791 -0.229593 -0.228736
-0.296023 -0.357255 -0.210019
-0.001767 0.060583 -0.031361
4.734857 4.750769 3.076400
-0.015070 -0.182312 0.036810
-1.356314 -1.351949 -0.592167
-0.168925 -0.072762 -0.124321
-0.549710 -0.655499 -0.318861
0.239158 0.206126 0.066515
-0.005750 -0.000878 -0.125872
0.291925 0.340978 0.278319
0.406548 0.675430 0.436657
-0.566742 -0.558176 -0.218437
0.068536 0.055657 0.086410
-0.857497 -0.865446 -0.526151
0.054797 -0.048233 -0.597681
0.004727 -0.043407 -0.448751
-2.369448 -2.416410 -0.463717
0.292995 0.312065 0.159905
-0.040334 -0.002814 0.009857
0.940483 0.789107 0.431238
-0.538255 -0.556549 -0.311085
-0.322900 -0.310888 -0.142120
-0.257256 -0.284406 -0.234245
-0.755177 -0.684577 -0.422817
-1.479472 -1.465141 -0.348435
-0.441205 -0.347729 -0.214961
-0.680343 -0.728416 -0.523347
-0.122680 -0.107738 -0.062323
-0.629674 -0.597399 -0.349777
0.834880 0.809322 -0.180502
2.451478 2.384271 0.425570
0.741580 0.435230 0.296508
1.294321 1.362374 0.769742
0.165871 0.173886 0.106759
-0.600629 -0.587737 -0.309742
0.935743 1.002624 0.627043
0.062194 0.091476 -0.007454
-0.365303 -0.344235 -0.161180
0.851793 0.859754 0.376340
0.042609 0.035830 0.165200
0.419449 0.272436 0.758914
-1.098145 -1.119783 -0.147235
-0.630670 -0.644265 -0.279635
-0.693451 -0.691647 -0.386887
-0.033584 0.000583 -0.020289
0.615357 0.627439 0.312360
1.020272 0.848986 0.582491
0.198509 0.189504 -0.046450
1.324938 1.313907 1.259891
-0.758038 -0.504171 0.042965
0.141151 0.212592 0.089217
3.366772 3.384980 3.219203
0.670227 0.653632 0.521651
-2.143499 -2.240114 -1.053743
0.318932 0.351364 0.197785
-0.045610 -0.038509 -0.072047
14.535331 14.493980 12.502145
-0.714803 -0.775733 -0.362389
10.067782 10.075942 9.798042
-0.525906 -0.751955 -0.276685
-2.192877 -2.207819 -1.015263
-0.094717 -0.002459 -0.073951
-2.260426 -2.011659 -1.365712
-0.610058 -0.604280 -0.263877
-0.000506 0.029591 0.069236
-0.809324 -0.747528 -0.141304
-0.011519 -0.177085 0.070599
-0.019227 0.004851 0.002425
0.295757 0.164287 2.346069
-0.224290 -0.088553 -0.125520
0.667706 0.597855 0.447454
-0.145435 -0.110753 0.100873
2.670740 2.660123 3.104033
-1.598504 -1.564447 -0.771811
3.869673 3.851667 1.704308
-0.298140 -0.382712 -0.011314
-0.553519 -0.545761 -0.271554
0.848727 0.869426 0.566832
-1.780940 -1.800451 -0.781994
-1.033584 -1.023926 -0.861523
0.057621 0.091830 -0.021866
-1.470663 -1.453607 -0.838019
-0.334830 -0.255482 -0.164012
0.659730 0.577350 0.701677
-0.936709 -0.916515 -0.395179
-0.473511 -0.433345 -0.254628
0.111698 0.165858 0.479017
1.490448 1.388669 0.558536
0.157428 0.144735 0.151468
-1.068566 -1.026730 -0.494889
0.383718 0.379275 0.356162
0.455353 0.396409 0.244685
-0.801221 -0.828058 -0.279858
-0.996873 -0.877787 1.380791
2.043813 2.091647 0.050789
-0.202662 -0.158280 -0.109899
-1.882497 -1.838007 -0.970412
-1.897337 -2.029977 -1.069548
0.128518 -0.068254 0.043091
-0.785239 -0.796648 -0.513091
0.186509 0.136914 -0.706425
-0.837137 -0.899340 -0.052390
8.012890 7.994705 3.520460
-3.161787 -3.433123 -1.502110
0.676216 0.659178 0.336342
0.505902 0.538123 0.467766
-1.716402 -1.724853 -0.728370
-0.373189 -0.320926 -0.187847
-0.788769 -0.799280 -0.407890
0.128379 0.030610 0.439302
-0.347428 -0.229362 -0.304139
-1.582600 -1.646791 -1.036758
0.103390 0.104205 0.026953
1.557929 1.451866 0.737590
0.168344 0.193709 0.071662
-1.910282 -1.904149 -1.253859
0.650625 0.781673 0.343148
-0.359269 -0.417340 -0.153775
-1.325701 -1.440425 -0.271611
-0.205925 -0.147357 0.040953
-0.571322 -0.536534 -0.291538
0.137395 0.204453 0.131137
3.183098 3.189554 1.573608
-0.897384 -0.909348 -0.459670
-0.621007 -0.778902 -0.332983
-0.008757 -0.104326 0.038141
6.116048 5.922631 2.461234
7.655374 7.853787 7.208080
-0.156637 -0.162629 -0.185003
1.414951 1.544233 0.915079
26.158474 27.215235 11.513993
-0.959592 -0.960530 -0.553159
0.145471 0.166805 0.136567
-0.300158 -0.303989 -0.125831
-0.360268 -0.397590 -0.181243
0.125719 0.123296 -0.001980
0.320446 0.345908 0.313951
-2.849390 -2.881718 -1.181516
-0.616788 -0.685682 -0.277288
-0.614900 -0.522112 -0.730930
0.088404 0.016724 0.057852
31.828696 30.814060 8.124973
-0.711017 -0.751651 -0.463434
0.153922 0.202933 0.139737
-3.221971 -3.212965 -0.769278
-1.895442 -1.759064 -0.744955
-0.199616 -0.277192 -0.033887
3.375915 3.567680 0.956483
-0.724014 -0.723869 -0.369734
-0.314090 -0.283414 -0.218442
0.294515 0.423835 0.372621
0.119869 0.163594 0.028565
0.734624 1.050993 1.086893
-0.947623 -0.861633 -0.365107
16.932655 16.201978 7.947692
-0.233999 -0.391219 -0.204351
-2.520203 -2.389704 -1.841071
0.144097 0.001780 0.112654
-1.392170 -1.471490 -0.715543
0.129245 0.170048 0.092269
-0.424200 -0.603728 -0.163299
-1.416179 -1.507145 -1.816292
-0.339960 -0.325568 -0.168276
-0.337937 -0.258205 -0.124227
7.545175 7.449813 1.450487
-0.175551 -0.257284 -0.332898
0.004595 0.193302 0.049622
-1.717374 -1.730834 -1.224897
1.390254 1.382561 0.282632
-0.511351 -0.760377 -0.293441
0.167368 0.286004 0.215587
2.983747 2.968059 2.153067
0.491917 0.429631 0.223735
0.907788 0.696324 0.555825
0.202359 0.215427 0.110392
-1.951886 -1.939250 -0.936846
-1.038206 -1.049833 -0.580501
-1.885348 -1.865878 -0.547870
-0.028310 0.030330 0.044337
-0.701049 -0.581808 -0.414216
-0.770243 -0.778156 -0.318583
-0.261500 -0.258196 -0.081888
-0.324378 -0.271811 -0.163348
-0.523292 -0.538287 -0.245549
3.299856 3.236812 2.547774
-1.623593 -1.399737 -0.766806
-0.746516 -0.686990 -0.300130
-1.653814 -1.536953 -0.777748
-0.234836 -0.145608 -0.069679
0.105810 0.067864 0.029920
1.678164 1.596901 0.860565
5.967221 5.754881 2.461986
-3.403894 -3.257635 -1.981472
-1.510314 -1.555828 -0.695178
0.650004 0.576661 0.412089
-0.610564 -0.642420 -0.285091
0.191918 0.189048 0.187837
0.264275 -0.052160 0.112882
-0.840919 -0.895448 -0.177458
0.238534 0.256907 0.354795
0.172956 0.147736 -0.090190
1.132442 1.099554 0.730178
0.350154 0.481858 0.231342
-0.281152 -0.314693 -0.318530
-0.466431 -0.402652 -0.017965
-0.238551 -0.166115 -0.251181
0.523274 0.400643 0.263535
-0.186063 -0.111685 -0.073126
0.217876 0.203212 0.086408
3.479388 3.474846 1.227608
0.523581 0.392629 0.332013
0.604918 0.647089 0.356137
0.027023 -0.031730 0.091976
1.828310 1.822260 0.913268
-1.533723 -1.418568 -0.702291
-2.716869 -2.555571 -1.038320
0.738924 0.691364 0.335432
-0.375980 -0.284102 0.275255
0.532488 0.572671 0.298945
1.126169 1.085604 0.796490
-0.757474 -0.730623 -0.352909
4.996402 4.845338 1.696167
0.831766 0.764967 0.286276
0.056704 -0.099375 0.012142
0.207624 0.188823 0.010797
0.006150 0.055386 0.004191
0.844324 0.886013 0.419839
5.397456 5.300523 2.038136
-3.808195 -3.589364 -1.901082
-0.232713 -0.228054 -0.121403
-2.191028 -2.157271 -0.921253
5.909447 5.786798 1.402037
-0.018155 -0.029818 0.502141
-0.339763 -0.061556 0.028918
1.246456 1.005630 0.298600
-0.780212 -0.784409 -0.374467
0.297847 0.286587 0.170301
3.350575 3.346156 1.660255
-0.816820 -0.722112 -0.310264
-0.250305 -0.259157 -0.620685
-0.329321 -0.272600 -0.217079
0.516629 0.525139 0.383866
1.443036 1.407760 0.853279
0.195808 0.107473 0.099019
-0.220132 -0.210816 -0.118495
-0.685671 -0.575112 -0.289220
0.345863 0.288625 0.436168
5.833262 5.767150 2.129915
1.151903 1.208194 0.075402
-0.139620 -0.123399 -0.066754
-0.077863 -0.300267 -0.002487
1.001271 0.988742 0.382272
-1.334994 -1.180497 -0.560651
0.491868 0.400459 0.438325
-1.339961 -1.291965 -0.719010
0.134918 0.221681 -0.188074
-2.222389 -2.205726 -1.102877
0.624906 0.672316 0.382813
-0.898245 -0.914240 -0.694470
-0.481642 -0.522560 -0.229485
-0.963190 -0.933538 -0.554636
0.730708 0.755668 0.169442
-0.432121 -0.483291 -0.255866
1.071563 1.021610 0.641044
-0.567421 -0.969447 -0.369569
-0.625326 -0.686860 0.117396
0.377768 0.470511 0.167904
-1.236118 -1.120341 -0.543065
13.857749 14.654613 3.171515
-0.526981 -0.468515 -0.265629
-0.391785 -0.543061 -0.176835
-0.158343 -0.118453 -0.103051
-0.662822 -0.700190 -0.347701
0.077354 0.096119 0.153191
-1.326549 -1.277794 -0.677460
6.979298 7.284005 1.829571
0.404620 0.283154 0.398790
-2.212563 -2.144229 -0.871927
0.899117 0.994777 0.768196
0.335249 0.348116 0.213976
-0.029496 -0.065241 -0.054044
-1.596132 -1.631072 -0.630884
-0.157791 -0.091581 -0.609857
-0.881245 -0.811436 -0.416914
0.162381 0.085684 0.044135
1.023086 1.034271 0.109765
0.956447 0.949093 0.812328
-1.107286 -1.356847 -0.628742
0.349355 0.348865 0.015895
-0.276903 -0.145335 -0.006753
0.921316 1.046952 0.564057
-0.071825 -0.237505 -0.181840
1.761563 1.578974 0.703208
-1.201421 -1.174464 -0.505833
0.439442 0.521584 0.276229
-0.846358 -0.785412 -0.232664
-0.512453 -0.215362 -0.097160
-1.430130 -1.456328 -0.793998
-0.429190 -0.369406 -0.247592
-1.846027 -1.712273 -0.938264
0.058225 0.048884 0.064036
-0.401707 -0.414779 -0.156893
3.381212 3.356281 2.880176
10.387069 10.343375 8.551153
0.122445 0.062369 0.062175
-0.402898 -0.330546 -0.270983
1.688017 1.649800 0.919995
-0.002830 -0.067464 0.034595
4.923163 4.893377 1.259035
-0.045801 0.006942 0.079754
-0.158432 -0.258245 -0.172373
0.263857 0.251783 -0.658145
-0.185854 -0.399298 -0.107243
-0.555836 -0.528494 -0.256876
0.117497 0.095325 0.098163
-0.549633 -0.600096 0.043057
-1.052763 -0.863979 -0.443661
-0.146197 -0.182444 0.077318
-1.623940 -1.648490 -0.306041
-0.054837 -0.073175 -0.046657
0.904802 0.672759 0.469995
1.852394 1.938078 0.766987
-0.940618 -0.913280 -0.760273
0.836040 0.849070 -0.002121
-0.543073 -0.507390 -0.246734
-0.483926 -0.439238 -0.267792
-1.828457 -1.979678 -1.279586
-0.518369 -0.554542 -0.211066
-0.451616 -0.477143 -0.241322
0.193384 0.178820 0.120160
-0.199466 -0.052968 -0.033748
0.329470 0.357931 0.140737
1.323110 1.195348 0.420075
0.412715 0.419434 0.474277
-0.489064 -0.543516 -0.000052
-0.033781 -0.042144 -0.033193
0.056194 -0.082795 0.204617
-0.368559 -0.455908 -0.302988
-0.136818 -0.075577 0.029167
1.209823 1.140937 0.073923
-0.851567 -0.910873 -0.415329
10.479310 10.859469 2.210781
-0.508545 -0.493013 -0.083243
2.186277 2.239267 1.206024
-0.672280 -0.727550 -0.329713
0.688546 0.733769 0.537325
-0.518857 -0.523879 -0.143584
-3.757020 -3.626117 -2.000019
-0.689569 -0.937015 -0.504978
1.630836 1.733565 1.191116
1.368743 1.395032 0.426988
-0.929788 -0.816642 -0.365382
-1.801914 -1.819592 -1.187117
-0.487613 -0.443350 -0.347395
-0.232708 -0.237533 0.200870
7.942963 8.113835 4.335173
0.068834 0.043130 0.007878
-2.334693 -2.311023 -1.121472
0.338448 0.170820 0.178963
-0.997733 -1.067900 -0.486269
-0.097675 -0.064022 -0.085605
-1.794006 -1.816102 -1.044739
0.962437 1.034089 0.487668
-0.253302 -0.254018 -0.212782
-0.552120 -0.510695 -0.274128
-0.039847 0.159855 0.094874
0.488950 0.555348 0.229740
-0.125043 -0.052654 0.030931
-1.325083 -1.307238 -0.694375
-0.983531 -0.929413 -0.136071
0.599718 0.574038 0.329534
0.563821 0.667036 0.350354
-0.150433 -0.154087 0.135301
-1.201989 -1.175713 -0.504142
-0.352407 -0.224822 -0.192322
-0.805966 -0.772030 -0.472142
0.849333 0.893729 1.194392
0.837367 0.813088 0.451337
1.077112 1.016402 0.301753
-1.316772 -1.270608 -0.599656
-0.012357 0.250287 -0.079937
0.222138 0.184219 0.106872
0.236276 0.212421 0.123044
0.125112 0.156731 -0.003813
-0.448450 -0.425241 -0.250919
0.107409 0.107061 -0.043199
-0.261821 -0.231066 -0.111996
-0.971116 -0.860001 -0.497871
0.115035 0.034436 -0.022044
-2.073683 -2.047919 -0.937380
0.028727 0.152024 0.060193
-0.096018 -0.094855 -0.028010
-1.939978 -1.702114 -1.091737
0.345472 0.406540 0.215394
5.278208 5.224882 1.381024
-0.373129 -0.346227 -0.169505
-0.534928 -0.420567 -0.187888
-0.186465 -0.167921 -1.154504
2.879472 2.491326 0.964939
-0.425873 -0.285854 -0.175046
-0.900060 -0.613356 -0.417789
0.259946 0.337540 0.143920
4.448465 4.476265 1.717139
-0.453840 -0.575007 -0.129075
-0.224585 -0.130777 -0.106768
-0.113872 -0.178428 0.060619
0.750051 0.796920 0.440369
-2.940118 -2.929277 -1.214504
0.965801 1.010444 1.707483
-0.443449 -0.322304 -0.249059
0.072845 0.076931 0.048199
0.020238 0.026216 -0.014518
-1.748376 -1.661048 -0.639815
2.709232 2.700632 2.696896
-0.563993 -0.566661 -0.373414
0.945457 0.506256 0.591113
0.618558 0.359226 0.372505
-1.420976 -1.381440 -0.528331
1.782468 1.787396 0.575394
0.660664 0.630599 0.249350
2.996355 3.044574 1.265649
-0.529656 -0.621477 -0.219564
0.194684 0.221456 0.106042
-0.300098 -0.206234 -0.196624
-0.698125 -0.908550 -0.465520
-0.836417 -0.848924 -0.816782
0.294740 0.192827 0.178594
0.615129 0.633239 0.510896
-0.264509 -0.183237 -0.229736
-1.545472 -1.595856 -0.627633
-0.555039 -0.575803 -0.367069
-0.980582 -0.978140 -0.452388
1.320172 1.250499 0.639485
-0.032723 0.114152 -0.047542
0.095486 0.060901 -0.025949
15.936814 16.295432 9.073803
0.693654 0.799193 0.352039
-0.117205 -0.184361 -0.224238
11.152879 11.191443 11.420711
-0.720547 -0.740883 -0.436056
-0.309881 -0.211895 -0.098760
-0.485383 -0.467932 -0.224303
-0.410386 -0.255090 -0.202856
0.296410 0.214911 0.208901
-0.308701 -0.219081 -0.149448
-0.911215 -0.917049 -0.396522
0.527554 0.573894 0.265697
-0.403740 -0.615882 -0.287289
-0.327504 -0.422899 -0.272695
-2.744318 -2.539072 -1.162611
0.430588 0.445951 0.220247
1.198302 1.135381 0.861044
-2.190181 -2.131895 -1.271153
-0.364155 -0.299791 -0.159668
0.794148 0.850144 0.563243
-0.413463 -0.583334 -0.063474
0.793024 0.782743 0.109804
-2.249994 -2.414819 -0.336934
0.067964 0.023038 0.055374
-0.381050 -0.354847 0.154785
0.366236 0.371361 0.165024
1.358607 1.362042 0.802651
-1.349973 -1.429822 -0.687847
0.558622 0.548345 -0.095089
-0.637174 -0.755317 -0.336301
0.314768 0.459626 0.237338
9.906103 9.247732 3.035818
-0.250073 -0.281916 -0.037195
-0.478823 -0.488960 -0.223288
0.337364 0.236444 0.179518
1.022489 1.014080 0.972575
-0.848996 -0.864539 -0.519103
3.941091 3.943232 2.107466
-2.799978 -2.705408 -1.143734
3.185123 3.185152 1.547966
-0.726616 -0.878050 -0.601742
-1.170328 -1.202569 -1.088492
1.104997 1.191868 0.940681
1.888980 1.818260 0.545733
-0.023389 -0.079965 -0.091760
-0.966973 -0.873272 -0.588831
-1.905620 -1.959478 -0.896785
-0.693355 -0.678995 -0.292589
-0.375596 -0.327875 -0.131393
-0.909468 -0.844163 -0.393938
0.620667 0.783961 1.390206
-0.144060 -0.120512 -0.175669
-0.533418 -0.501834 0.168680
0.033201 0.044784 -0.016081
-0.680663 -0.599067 -0.280015
13.884276 13.745552 3.319223
7.707647 7.979578 3.114244
-0.261374 -0.134367 -0.108113
-0.059421 0.005221 -0.031357
0.395310 0.482729 0.249918
-1.634847 -1.662810 -0.512248
-1.516005 -1.514298 -0.890988
2.184140 2.205028 1.259827
-0.539892 -0.602890 -0.233868
-0.540739 -0.356826 0.148895
0.998676 0.946471 0.593966
-0.436082 -0.470882 -0.266600
-1.187198 -1.120678 0.135699
-0.964900 -0.999006 -0.518066
10.686762 10.141746 2.241230
-0.503861 -0.536626 -0.213671
-0.254049 -0.065366 -0.055857
0.605574 0.635869 0.335801
-0.591661 -0.650263 -0.344192
0.653936 0.960419 -0.169510
-0.498028 -0.456512 -0.163312
2.154207 2.196483 0.798403
2.920034 3.288214 0.934931
0.364047 0.390986 0.189409
0.076379 -0.090173 0.080370
-0.407418 -0.374481 -0.207216
0.126303 0.138864 0.053481
4.403705 4.505845 1.231333
-2.152774 -2.182359 -1.450322
-0.415167 -0.322959 -0.246344
0.180150 0.358892 -0.687283
-1.835893 -1.905303 -1.140796
-0.072030 -0.098425 0.013679
-1.178832 -1.225841 -0.504841
-0.291650 -0.098745 0.134420
-0.169919 -0.180004 -0.630881
-0.918888 -0.917847 -0.970318
0.017385 -0.000609 0.045584
-1.809289 -1.726539 -0.845329
0.518448 0.786663 0.429096
-0.266896 -0.251141 -0.059416
1.905384 1.902117 1.308770
38.227585 35.904651 10.490429
-0.920143 -1.018528 -0.360291
2.538916 2.518941 1.680515
-0.079334 0.009014 0.066352
0.607827 0.482900 0.384928
-2.029265 -1.966280 -1.048533
-0.635264 -0.778467 -0.149671
6.613673 6.497260 9.564151
-1.375920 -1.308400 -0.601623
1.456756 1.456787 0.562367
0.680947 0.632629 -0.433722
0.009126 -0.123536 0.102065
0.454257 0.409330 0.251986
0.593175 0.470511 0.351454
8.891287 8.561151 1.120223
-0.583695 -0.608635 -0.466474
3.140325 3.269949 0.522928
-1.139571 -1.225373 -0.553796
0.309246 0.332469 0.151186
0.222745 0.326640 0.137711
-0.623019 -0.558647 -0.270555
0.088312 0.096815 0.027742
-0.124697 -0.062190 -0.156112
3.840420 3.831783 3.192262
5.003711 5.048829 2.531145
-1.183017 -1.198806 -0.547503
0.517007 0.793843 0.363486
-0.098326 -0.145189 -0.144397
-0.559242 -0.576269 -0.691997
0.208553 0.280817 0.084338
0.794001 0.344334 0.426948
-1.176494 -1.193355 -0.586050
0.272618 0.134225 0.210415
-0.482805 -0.591463 -0.155578
-1.472672 -1.422744 -0.605674
9.558835 8.250583 2.357206
-0.268034 -0.268809 -0.152918
-1.225840 -1.150599 -0.646653
0.255594 0.265258 0.174012
0.847467 0.845074 0.292097
2.866307 2.714924 1.318098
0.160295 0.100697 0.083805
-0.182395 -0.061602 0.057674
-1.730067 -1.701894 -1.030812
2.672700 2.711223 0.719533
0.355586 0.384789 0.178186
2.172113 1.856638 1.176376
-0.938451 -0.731397 -0.533661
-0.321266 -0.312630 -0.206749
18.846760 23.383724 3.704701
0.307419 0.291014 0.144823
0.969540 0.951014 0.049733
0.342295 0.262150 0.233558
0.020885 -0.052477 -0.013235
0.953021 1.111371 0.880782
-0.443857 -0.471682 -0.233293
-0.602379 -0.601821 -0.121501
-0.187747 -0.251048 -0.051347
0.076901 -0.042543 -0.035997
-0.106716 -0.076648 -0.062571
-1.675979 -1.783526 -0.650482
0.498317 0.514883 0.355672
-0.469657 -0.620147 -0.277374
-0.339601 -0.287698 -0.147013
5.492975 5.474580 2.023389
-0.939253 -0.785828 -0.516542
-0.277900 -0.252947 -0.102738
-2.034818 -1.681410 -0.333886
8.201705 8.209105 5.815066
9.134054 9.186688 7.047376
0.593880 0.631741 1.102679
-1.102106 -1.100618 -0.344556
-0.058363 -0.099822 0.066209
-0.680106 -0.524978 -0.330128
0.335554 0.337939 0.200439
0.412886 0.440493 0.230092
-0.557843 -0.478176 -0.130817
-1.246011 -1.230937 -0.486290
0.125890 0.108470 0.082900
-1.119486 -0.980681 -0.357125
0.822062 0.808037 0.058391
-0.322444 -0.277624 -0.129971
-0.928969 -0.947915 -0.900780
-0.333840 -0.300572 -0.174739
-0.286997 -0.288809 -0.115244
-0.192133 -0.267579 -0.100526
-1.020167 -1.115961 -0.828168
45.194840 45.492768 9.608561
0.008939 -0.052751 -0.025606
-2.442959 -2.359671 -1.617811
-0.084321 -0.327010 -0.103617
0.697612 0.638101 0.340900
-0.150019 -0.096942 0.047336
-0.800149 -0.809607 -0.341623
-0.224949 -0.323613 -0.011070
-0.553826 -0.537375 -0.068520
-0.260137 -0.183274 -0.094081
-0.450343 -0.408331 -0.212478
-2.297125 -2.095140 -1.029226
0.075202 0.096423 0.004434
-0.134768 -0.297347 -0.006034
0.637807 0.719416 -0.762564
-1.585671 -1.532927 -0.888496
0.726290 0.552516 0.363890
0.314281 0.281548 0.160685
-0.391450 -0.414477 -0.255555
-0.528321 -0.488291 -0.289012
0.615795 0.527265 0.412984
0.524831 0.448795 0.382512
-2.001299 -2.047120 -1.172907
-0.615635 -0.534081 -0.281999
-0.165938 -0.156043 -0.063795
-0.224664 -0.246361 -0.491266
0.523512 0.388285 0.234710
-1.361570 -1.370005 -0.794858
-0.069004 -0.192699 -0.110499
-0.007935 0.039227 -0.030224
-0.174678 -0.119080 -0.007306
-0.898155 -0.790771 -0.379573
-0.222428 -0.215356 -0.091143
-1.255105 -1.496553 -0.609360
5.721747 5.233846 1.679061
-0.080350 -0.100664 0.058782
-0.903215 -1.069489 -0.522894
2.874045 2.872392 1.752162
8.003905 8.581995 4.409328
-3.816865 -3.693144 -1.943686
-1.488949 -1.522504 -0.817987
10.195678 10.323981 3.884229
-0.028638 -0.038896 0.005213
-0.306774 -0.436893 0.092861
0.856884 0.889273 0.493218
-1.428849 -1.522329 -0.638654
-0.354464 -0.389031 -0.197781
0.242891 0.214822 0.089136
-0.644371 -0.620087 -0.353337
0.276775 0.248732 0.145359
2.001552 1.996992 1.983204
-0.270647 -0.278479 -0.323900
6.585870 6.554394 4.452160
-0.181529 -0.174940 -0.050627
1.161085 1.156621 0.107232
0.503455 0.442577 0.300831
0.903187 0.970476 0.452235
3.295908 3.251477 1.187110
1.720162 1.774349 2.491606
0.520070 0.500552 0.329563
-0.878158 -0.788664 -0.487957
-1.079453 -1.153682 -0.826187
1.162464 1.179325 0.672668
0.069716 0.049370 -0.005062
-0.247925 -0.085243 -0.190460
-0.499525 -0.560961 -0.277614
-0.031500 -0.119859 -0.034179
-0.362587 -0.523932 -0.155021
1.354125 1.296335 0.538808
-1.521949 -1.553237 -1.229269
4.826073 4.671806 2.538790
0.109703 0.124791 0.062409
-1.766821 -1.602653 -0.793244
0.418422 0.363956 0.113411
0.433892 0.515101 0.209343
-2.173638 -2.164197 -1.419890
0.456573 0.497362 0.230649
0.523296 0.522800 0.275727
-0.459884 -0.552832 -0.243723
-2.003013 -1.990711 -0.918715
0.366662 0.227994 0.162588
-0.922878 -1.064030 -0.479108
-1.957806 -1.810965 -0.725954
0.324190 0.353177 0.166367
-0.383723 -0.370222 -0.144911
-0.242984 -0.275941 -0.262553
3.630014 3.614569 2.903339
-0.336412 -0.327167 -0.121796
0.225513 0.216320 0.350041
-0.821802 -0.815453 -0.451373
-0.041101 -0.060828 -0.163852
4.660373 5.155131 5.000506
0.364677 0.215018 -0.001101
-0.136889 -0.124482 -0.313693
6.028089 6.050754 4.406786
-0.716589 -0.700774 0.543518
-0.217704 0.074844 0.279553
-0.417138 -0.408953 -0.130897
-0.301492 -0.338275 -0.151571
0.226775 0.350282 0.188603
-1.072406 -1.032343 -0.590815
-2.104597 -2.088161 -1.120535
-1.000057 -0.954340 -0.534606
0.814146 0.792496 0.619983
0.062033 0.095364 0.007589
0.396429 0.289233 0.178861
-1.068596 -0.695919 -0.433141
-1.385339 -1.426935 -0.614126
0.802345 0.801047 1.052951
3.642526 3.703833 1.649033
0.494478 0.519423 -0.036920
0.329713 0.296249 0.249322
-1.804088 -1.735836 -0.705111
0.600219 0.584807 0.451976
-0.544907 -0.492759 -0.278433
0.257086 0.289491 0.194062
0.041731 0.171143 -0.030350
12.166888 12.584995 3.462198
-0.371885 -0.464236 -0.174883
0.179953 0.088116 -0.196585
0.436834 0.485898 0.719075
0.305611 0.230358 0.410255
1.877752 1.883087 1.100392
-0.420721 -0.373012 -0.197212
0.927863 0.851321 0.515893
13.958560 14.831012 3.500190
0.345697 0.539720 0.475629
-0.878524 -0.854122 -0.327640
0.664133 0.629848 0.934359
0.019856 -0.039507 -0.065602
-1.632983 -1.615866 -0.764880
-2.821218 -2.853137 -1.107801
-0.645475 -0.585902 -0.237145
-1.173635 -1.073640 -0.350740
-0.499065 -0.489449 -0.236962
-2.351989 -2.143873 -1.270808
-0.568266 -0.815395 -0.305344
8.409321 8.385320 6.828982
-1.560130 -1.528797 -0.843568
-0.641156 -0.672988 -0.986987
-0.806066 -0.789479 -0.361100
1.747657 1.789516 -0.014832
-0.782011 -0.680481 -0.210723
2.448022 2.483848 1.386222
1.030552 1.430978 1.022171
0.611285 0.598327 0.406842
0.920169 0.939652 2.750567
0.605059 0.614681 0.438930
0.572712 0.590548 0.307947
0.414836 0.170382 0.228297
-2.292298 -2.307203 -1.089943
10.080258 10.151729 6.382246
-0.479406 -0.382305 -0.279922
6.236142 6.298890 6.054953
-0.424269 -0.455602 -0.227695
-2.105822 -2.077470 -0.923038
-0.862602 -0.839402 -0.235975
-0.016999 -0.012395 -0.048770
-0.114516 -0.089081 -0.021179
1.125117 0.963041 0.237512
-0.187290 -0.141902 0.174228
0.035087 0.008707 -0.083434
10.040428 9.956698 11.293655
-0.356606 -0.338067 -0.165325
-1.581058 -1.435929 -0.719171
-0.062049 -0.015166 -0.086402
0.383616 0.309347 0.298328
0.583763 0.371910 0.278606
22.872016 22.689471 12.746032
-0.527059 -0.515553 -0.322881
0.592293 0.685490 0.508751
1.666318 1.638317 0.683002
0.992311 1.007059 0.586857
-0.371230 -0.433543 -0.180622
-0.617698 -0.735221 -0.155747
-0.257747 -0.291083 -0.133125
1.413070 1.369499 0.772453
-2.389910 -2.402381 -1.041040
0.375299 0.381107 -0.049513
-1.453945 -1.475501 -0.926842
-3.884665 -3.825030 -2.155877
-0.254563 -0.238009 -0.152455
0.168433 0.285217 0.272164
0.068560 0.184962 0.179230
-1.398205 -1.371539 -0.753606
13.212876 12.952677 3.612804
1.137896 1.109467 0.226415
-0.948725 -0.883556 -0.162919
0.236802 0.289510 0.178245
-0.082036 -0.040380 0.008587
0.181309 0.156365 0.213805
12.164429 12.348995 7.422314
-0.382981 -0.414185 0.132731
0.474602 0.457041 0.339909
-1.095536 -0.895754 -0.863086
-1.261885 -1.342338 -0.598717
1.581056 1.455903 0.681550
0.777868 0.815451 0.821904
0.098065 0.105822 0.089872
0.494658 0.592034 0.316398
1.049015 1.134029 0.657186
-0.423047 -0.459828 -0.173557
-0.823081 -0.878952 -0.537650
-1.273624 -1.184077 -0.689146
-3.099077 -3.004343 -1.033520
-0.322022 -0.374038 -0.148369
0.383591 0.522201 0.171158
0.292106 0.319742 0.198310
3.388397 3.777135 0.162617
1.040186 1.081017 0.498599
-0.407713 -0.514942 -0.070838
9.951336 9.954383 4.128364
-0.386558 -0.461371 -0.131550
-2.404065 -2.301262 -1.272688
-0.352569 -0.257182 -0.046814
0.188097 0.210949 0.124453
-0.210594 0.051812 -0.054509
0.163101 0.148387 0.115186
1.033562 1.072495 0.550927
7.017644 7.534228 2.408397
0.187695 0.123948 -0.421757
0.496086 0.358510 0.250742
0.611920 0.530560 0.330340
-0.642704 -0.526924 -0.274273
-1.353261 -1.369611 -0.654633
-1.073845 -0.950072 -0.508970
-1.719759 -1.675924 -0.775904
2.833194 2.847508 1.601534
-0.173579 -0.177533 -0.098939
-3.062634 -2.972723 -1.035529
-1.470035 -1.309073 -0.954125
-1.641610 -1.542513 -0.701573
-0.611842 -0.656845 -0.446316
0.828362 0.826279 0.551375
0.627464 0.598212 0.291197
5.747896 5.741180 2.540143
-0.466833 -0.265898 -0.115355
-1.403143 -1.416738 -0.594496
0.346987 0.324275 0.127853
0.260989 0.230168 0.157738
3.970283 3.964475 2.114323
-0.411481 -0.377936 -0.214028
-0.696520 -0.708237 -0.114695
-1.326419 -1.360199 -0.313147
-1.661539 -1.583592 -0.628392
0.573507 0.569725 0.328363
0.080451 0.087945 0.018686
4.625275 4.620728 4.349120
12.096093 11.967541 2.129268
1.180750 1.158867 0.786901
-0.700369 -0.676057 -0.339549
4.546823 4.580582 2.864841
-0.222896 -0.087903 -0.013749
-1.816443 -1.803965 -0.961346
0.557475 0.510806 0.270058
0.609169 0.693177 0.359580
3.858750 3.821473 1.146735
-0.437552 -0.430030 -0.284660
-2.101157 -2.029564 -1.359352
0.724686 0.671956 0.363791
0.106311 0.233618 0.069188
-0.649436 -0.760169 0.047089
-0.196946 -0.255330 -0.197111
-0.124483 -0.093374 0.134103
22.665953 20.927244 5.307096
-0.329053 -0.334548 -0.153643
-0.275597 -0.272702 -0.128974
2.527977 2.508340 1.229233
-2.518729 -2.393101 -1.567761
-1.182958 -1.235275 -0.607173
2.831584 2.820280 2.031797
0.626164 0.679041 0.394602
-0.454151 -0.441476 -0.142512
-2.282269 -2.390649 -1.852058
1.453262 1.655523 0.725249
0.473101 0.489068 0.247947
-0.545786 -0.440695 -0.297267
0.213064 0.179611 0.147616
-0.923278 -0.866132 -0.370546
0.057904 -0.034327 -0.034322
-2.577802 -2.550036 -1.332947
-0.243697 -0.186529 -1.122289
-3.592666 -3.510367 -1.494867
-0.326180 -0.344204 -0.245333
-1.253195 -1.149933 -0.657933
-0.062114 -0.150500 0.277731
0.147307 0.151215 0.023275
-0.341195 -0.584249 -0.149720
-0.239349 -0.094398 -0.079910
0.133049 0.115361 0.034096
0.358205 0.277891 0.332449
-1.263699 -1.262440 -0.645368
-1.397584 -1.453010 -2.268245
-1.106843 -1.133521 -0.576900
0.238854 0.267395 0.188463
-0.041210 -0.166393 -0.098193
-1.394096 -1.496755 -0.684610
2.929344 2.911741 1.507932
-1.408842 -1.399876 -0.626897
-0.093882 -0.068247 -0.039604
1.101484 1.118343 0.208641
-2.110020 -2.093036 -1.037413
0.426714 0.431107 1.296993
-0.433396 -0.557725 -0.270199
-0.684306 -0.661852 -0.219394
-0.748506 -0.792601 -0.294611
-0.144464 -0.056511 -0.123318
-2.777177 -2.780333 -1.342804
